10.0  0.0
10.954773869346734  0.0
11.909547738693467  -8.748376036943751e-17
12.864321608040202  9.842540773163634e-17
13.819095477386934  1.1099122080267642e-16
14.773869346733669  6.246266901962151e-17
15.728643216080403  7.004811458348338e-17
16.683417085427138  0.0
17.63819095477387  -8.693823318608591e-17
18.592964824120603  0.0
19.547738693467338  1.060030804959094e-16
20.50251256281407  -5.81631993153421e-17
21.457286432160807  6.358460405391818e-17
22.412060301507537  0.0
23.366834170854272  0.0
24.321608040201006  0.0
25.276381909547737  0.0
26.231155778894472  -9.453224311221214e-17
27.185929648241206  1.0148305978155225e-16
28.14070351758794  1.086862002481568e-16
29.095477386934675  0.0
30.050251256281406  0.0
31.00502512562814  -6.590295200210015e-17
31.959798994974875  7.000748373815382e-17
32.91457286432161  0.0
33.869346733668344  0.0
34.824120603015075  0.0
35.77889447236181  -8.767927078886885e-17
36.733668341708544  0.0
37.688442211055275  0.0
38.64321608040201  -1.0224767929100926e-16
39.597989949748744  0.0
40.552763819095475  0.0
41.50753768844221  0.0
42.462311557788944  0.0
43.41708542713568  -6.451451681841242e-17
44.37185929648241  0.0
45.32663316582914  0.0
46.28140703517588  7.329857187820424e-17
47.23618090452261  7.635147914570136e-17
48.19095477386935  0.0
49.14572864321608  8.264458859134122e-17
50.10050251256281  0.0
51.05527638190955  0.0
52.01005025125628  9.255241376237639e-17
52.96482412060302  9.597984796972476e-17
53.91959798994975  0.0
54.87437185929648  1.0302193391294334e-16
55.82914572864322  -2.1327315929195206e-16
56.78391959798995  0.0
57.73869346733669  -5.702653174779118e-17
58.69346733668342  0.0
59.64824120603015  0.0
60.60301507537689  0.0
61.55778894472362  0.0
62.51256281407035  6.6843064634296e-17
63.46733668341709  -6.8899951794812e-17
64.42211055276383  7.098803076008934e-17
65.37688442211055  7.31073008996809e-17
66.33165829145729  -7.525776162867459e-17
67.28643216080403  0.0
68.24120603015075  0.0
69.19597989949749  0.0
70.15075376884423  0.0
71.10552763819095  -8.647790636810197e-17
72.06030150753769  0.0
73.01507537688443  -9.118428202178505e-17
73.96984924623115  9.358425074209412e-17
74.92462311557789  0.0
75.87939698492463  -9.847774840428926e-17
76.83417085427136  0.0
77.78894472361809  1.0349599116275418e-16
78.74371859296483  1.0605189131608041e-16
79.69849246231156  0.0
80.65326633165829  5.562862401302399e-17
81.60804020100502  0.0
82.56281407035176  0.0
83.5175879396985  0.0
84.47236180904522  6.102109071670617e-17
85.42713567839196  6.240818811756746e-17
86.3819095477387  0.0
87.33668341708542  0.0
88.29145728643216  0.0
89.2462311557789  -6.811249829142452e-17
90.20100502512562  0.0
91.15577889447236  -7.105820476937524e-17
92.1105527638191  7.255444563765861e-17
93.06532663316582  0.0
94.02010050251256  1.5118740468945842e-16
94.9748743718593  7.713671807260513e-17
95.92964824120604  0.0
96.88442211055276  8.02695240057616e-17
97.8391959798995  0.0
98.79396984924624  8.346469554710152e-17
99.74874371859296  0.0
100.7035175879397  0.0
101.65829145728644  8.837438737677095e-17
102.61306532663316  0.0
103.5678391959799  -9.17254708514073e-17
104.52261306532664  0.0
105.47738693467338  9.513891803665838e-17
106.4321608040201  0.0
107.38693467336684  0.0
108.34170854271358  1.0037601866419198e-16
109.2964824120603  0.0
110.25125628140704  0.0
111.20603015075378  0.0
112.1608040201005  0.0
113.11557788944724  0.0
114.07035175879398  0.0
115.0251256281407  0.0
115.97989949748744  -5.75137697361335e-17
116.93467336683418  -5.846455428935898e-17
117.88944723618091  0.0
118.84422110552764  0.0
119.79899497487438  -6.13635844168656e-17
120.75376884422111  0.0
121.70854271356784  0.0
122.66331658291458  0.0
123.61809045226131  0.0
124.57286432160804  0.0
125.52763819095478  0.0
126.48241206030151  6.839553311974187e-17
127.43718592964825  0.0
128.39195979899498  0.0
129.3467336683417  0.0
130.30150753768845  0.0
131.25628140703517  0.0
132.2110552763819  0.0
133.16582914572865  -7.582088226293744e-17
134.12060301507537  0.0
135.0753768844221  7.801099009677276e-17
136.03015075376885  -1.582354523009358e-16
136.98492462311557  8.02322532110011e-17
137.9396984924623  0.0
138.89447236180905  0.0
139.84924623115577  0.0
140.80402010050253  0.0
141.75879396984925  8.592178501890846e-17
142.71356783919597  -1.7416614760678328e-16
143.66834170854273  0.0
144.62311557788945  0.0
145.57788944723617  0.0
146.53266331658293  0.0
147.48743718592965  0.0
148.44221105527637  9.421449824251e-17
149.39698492462313  0.0
150.35175879396985  0.0
151.30653266331657  9.788544379095324e-17
152.26130653266333  -9.912468266358023e-17
153.21608040201005  0.0
154.17085427135677  0.0
155.12562814070353  1.0288917059465865e-16
156.08040201005025  0.0
157.035175879397  0.0
157.98994974874373  -1.0672381572662666e-16
158.94472361809045  0.0
159.8994974874372  0.0
160.85427135678393  0.0
161.80904522613065  0.0
162.7638190954774  0.0
163.71859296482413  -5.730178914376859e-17
164.67336683417085  -5.797207776804764e-17
165.6281407035176  0.0
166.58291457286433  0.0
167.53768844221105  0.0
168.4924623115578  -6.069220871301303e-17
169.44723618090453  0.0
170.40201005025125  0.0
171.356783919598  6.277323220562931e-17
172.31155778894473  0.0
173.26633165829145  0.0
174.2211055276382  0.0
175.17587939698493  6.5602497253541e-17
176.13065326633165  6.6319557633498e-17
177.0854271356784  0.0
178.04020100502512  0.0
178.99497487437188  0.0
179.9497487437186  -6.922677562446073e-17
180.90452261306532  0.0
181.85929648241208  0.0
182.8140703517588  -7.144811440975406e-17
183.76884422110552  0.0
184.72361809045228  7.294849516564663e-17
185.678391959799  0.0
186.63316582914572  0.0
187.58793969849248  -7.522829864483667e-17
188.5427135678392  -7.599602842929987e-17
189.49748743718592  -7.67676558591621e-17
190.45226130653268  7.754318093423884e-17
191.4070351758794  -1.566452073086873e-16
192.36180904522612  0.0
193.31658291457288  0.0
194.2713567839196  0.0
195.22613065326632  0.0
196.18090452261308  -8.22781819237063e-17
197.1356783919598  0.0
198.09045226130652  1.6777539348013069e-16
199.04522613065328  0.0
200.0  8.551280213053949e-17
