 m,M ->b,B
x-axis: "Sqrt(S)"  from 10.000000 to 200.000000 N_points= 200
Asymmetry
1.000000E+01 2.422594E+00
1.095477E+01 4.892310E+00
1.190955E+01 6.385175E+00
1.286432E+01 7.495838E+00
1.381910E+01 8.375694E+00
1.477387E+01 9.094947E+00
1.572864E+01 9.694503E+00
1.668342E+01 1.020125E+01
1.763819E+01 1.063414E+01
1.859296E+01 1.100721E+01
1.954774E+01 1.133112E+01
2.050251E+01 1.161419E+01
2.145729E+01 1.186302E+01
2.241206E+01 1.208289E+01
2.336683E+01 1.227811E+01
2.432161E+01 1.245221E+01
2.527638E+01 1.260811E+01
2.623116E+01 1.274824E+01
2.718593E+01 1.287464E+01
2.814070E+01 1.298903E+01
2.909548E+01 1.309288E+01
3.005025E+01 1.318743E+01
3.100503E+01 1.327376E+01
3.195980E+01 1.335277E+01
3.291457E+01 1.342528E+01
3.386935E+01 1.349196E+01
3.482412E+01 1.355342E+01
3.577889E+01 1.361020E+01
3.673367E+01 1.366274E+01
3.768844E+01 1.371146E+01
3.864322E+01 1.375672E+01
3.959799E+01 1.379884E+01
4.055276E+01 1.383810E+01
4.150754E+01 1.387474E+01
4.246231E+01 1.390901E+01
4.341709E+01 1.394109E+01
4.437186E+01 1.397116E+01
4.532663E+01 1.399940E+01
4.628141E+01 1.402595E+01
4.723618E+01 1.405093E+01
4.819095E+01 1.407447E+01
4.914573E+01 1.409668E+01
5.010050E+01 1.411766E+01
5.105528E+01 1.413748E+01
5.201005E+01 1.415625E+01
5.296482E+01 1.417403E+01
5.391960E+01 1.419088E+01
5.487437E+01 1.420687E+01
5.582915E+01 1.422207E+01
5.678392E+01 1.423651E+01
5.773869E+01 1.425026E+01
5.869347E+01 1.426334E+01
5.964824E+01 1.427582E+01
6.060302E+01 1.428771E+01
6.155779E+01 1.429906E+01
6.251256E+01 1.430990E+01
6.346734E+01 1.432026E+01
6.442211E+01 1.433017E+01
6.537688E+01 1.433966E+01
6.633166E+01 1.434874E+01
6.728643E+01 1.435744E+01
6.824121E+01 1.436578E+01
6.919598E+01 1.437378E+01
7.015075E+01 1.438146E+01
7.110553E+01 1.438884E+01
7.206030E+01 1.439593E+01
7.301508E+01 1.440274E+01
7.396985E+01 1.440930E+01
7.492462E+01 1.441560E+01
7.587940E+01 1.442168E+01
7.683417E+01 1.442752E+01
7.778894E+01 1.443316E+01
7.874372E+01 1.443860E+01
7.969849E+01 1.444384E+01
8.065327E+01 1.444890E+01
8.160804E+01 1.445378E+01
8.256281E+01 1.445849E+01
8.351759E+01 1.446305E+01
8.447236E+01 1.446745E+01
8.542714E+01 1.447171E+01
8.638191E+01 1.447583E+01
8.733668E+01 1.447981E+01
8.829146E+01 1.448367E+01
8.924623E+01 1.448740E+01
9.020101E+01 1.449102E+01
9.115578E+01 1.449452E+01
9.211055E+01 1.449792E+01
9.306533E+01 1.450121E+01
9.402010E+01 1.450441E+01
9.497487E+01 1.450751E+01
9.592965E+01 1.451051E+01
9.688442E+01 1.451343E+01
9.783920E+01 1.451627E+01
9.879397E+01 1.451902E+01
9.974874E+01 1.452169E+01
1.007035E+02 1.452429E+01
1.016583E+02 1.452682E+01
1.026131E+02 1.452928E+01
1.035678E+02 1.453167E+01
1.045226E+02 1.453399E+01
1.054774E+02 1.453625E+01
1.064322E+02 1.453846E+01
1.073869E+02 1.454060E+01
1.083417E+02 1.454269E+01
1.092965E+02 1.454472E+01
1.102513E+02 1.454670E+01
1.112060E+02 1.454863E+01
1.121608E+02 1.455051E+01
1.131156E+02 1.455234E+01
1.140704E+02 1.455413E+01
1.150251E+02 1.455588E+01
1.159799E+02 1.455758E+01
1.169347E+02 1.455924E+01
1.178894E+02 1.456086E+01
1.188442E+02 1.456244E+01
1.197990E+02 1.456398E+01
1.207538E+02 1.456549E+01
1.217085E+02 1.456696E+01
1.226633E+02 1.456840E+01
1.236181E+02 1.456980E+01
1.245729E+02 1.457118E+01
1.255276E+02 1.457252E+01
1.264824E+02 1.457383E+01
1.274372E+02 1.457511E+01
1.283920E+02 1.457637E+01
1.293467E+02 1.457759E+01
1.303015E+02 1.457879E+01
1.312563E+02 1.457996E+01
1.322111E+02 1.458111E+01
1.331658E+02 1.458224E+01
1.341206E+02 1.458334E+01
1.350754E+02 1.458441E+01
1.360302E+02 1.458547E+01
1.369849E+02 1.458650E+01
1.379397E+02 1.458751E+01
1.388945E+02 1.458850E+01
1.398492E+02 1.458947E+01
1.408040E+02 1.459042E+01
1.417588E+02 1.459135E+01
1.427136E+02 1.459226E+01
1.436683E+02 1.459316E+01
1.446231E+02 1.459403E+01
1.455779E+02 1.459489E+01
1.465327E+02 1.459574E+01
1.474874E+02 1.459656E+01
1.484422E+02 1.459737E+01
1.493970E+02 1.459817E+01
1.503518E+02 1.459895E+01
1.513065E+02 1.459972E+01
1.522613E+02 1.460047E+01
1.532161E+02 1.460120E+01
1.541709E+02 1.460193E+01
1.551256E+02 1.460264E+01
1.560804E+02 1.460334E+01
1.570352E+02 1.460402E+01
1.579899E+02 1.460469E+01
1.589447E+02 1.460535E+01
1.598995E+02 1.460600E+01
1.608543E+02 1.460664E+01
1.618090E+02 1.460727E+01
1.627638E+02 1.460788E+01
1.637186E+02 1.460848E+01
1.646734E+02 1.460908E+01
1.656281E+02 1.460966E+01
1.665829E+02 1.461024E+01
1.675377E+02 1.461080E+01
1.684925E+02 1.461135E+01
1.694472E+02 1.461190E+01
1.704020E+02 1.461243E+01
1.713568E+02 1.461296E+01
1.723116E+02 1.461348E+01
1.732663E+02 1.461399E+01
1.742211E+02 1.461449E+01
1.751759E+02 1.461498E+01
1.761307E+02 1.461547E+01
1.770854E+02 1.461595E+01
1.780402E+02 1.461642E+01
1.789950E+02 1.461688E+01
1.799497E+02 1.461733E+01
1.809045E+02 1.461778E+01
1.818593E+02 1.461822E+01
1.828141E+02 1.461865E+01
1.837688E+02 1.461908E+01
1.847236E+02 1.461950E+01
1.856784E+02 1.461992E+01
1.866332E+02 1.462032E+01
1.875879E+02 1.462072E+01
1.885427E+02 1.462112E+01
1.894975E+02 1.462151E+01
1.904523E+02 1.462189E+01
1.914070E+02 1.462227E+01
1.923618E+02 1.462264E+01
1.933166E+02 1.462301E+01
1.942714E+02 1.462337E+01
1.952261E+02 1.462373E+01
1.961809E+02 1.462408E+01
1.971357E+02 1.462442E+01
1.980905E+02 1.462477E+01
1.990452E+02 1.462510E+01
2.000000E+02 1.462543E+01
