 m,M ->b,B
x-axis: "cos(p1,p3)"  from -1.000000 to 1.000000 N_points= 200
Diff. cross section [pb]
-9.950000E-01 3.986788E+00
-9.850000E-01 3.947000E+00
-9.750000E-01 3.907678E+00
-9.650000E-01 3.868823E+00
-9.550000E-01 3.830435E+00
-9.450000E-01 3.792513E+00
-9.350000E-01 3.755057E+00
-9.250000E-01 3.718069E+00
-9.150000E-01 3.681547E+00
-9.050000E-01 3.645491E+00
-8.950000E-01 3.609902E+00
-8.850000E-01 3.574780E+00
-8.750000E-01 3.540124E+00
-8.650000E-01 3.505935E+00
-8.550000E-01 3.472212E+00
-8.450000E-01 3.438956E+00
-8.350000E-01 3.406167E+00
-8.250000E-01 3.373844E+00
-8.150000E-01 3.341987E+00
-8.050000E-01 3.310598E+00
-7.950000E-01 3.279674E+00
-7.850000E-01 3.249218E+00
-7.750000E-01 3.219228E+00
-7.650000E-01 3.189704E+00
-7.550000E-01 3.160647E+00
-7.450000E-01 3.132057E+00
-7.350000E-01 3.103933E+00
-7.250000E-01 3.076276E+00
-7.150000E-01 3.049086E+00
-7.050000E-01 3.022362E+00
-6.950000E-01 2.996104E+00
-6.850000E-01 2.970313E+00
-6.750000E-01 2.944989E+00
-6.650000E-01 2.920132E+00
-6.550000E-01 2.895740E+00
-6.450000E-01 2.871816E+00
-6.350000E-01 2.848358E+00
-6.250000E-01 2.825367E+00
-6.150000E-01 2.802842E+00
-6.050000E-01 2.780784E+00
-5.950000E-01 2.759192E+00
-5.850000E-01 2.738067E+00
-5.750000E-01 2.717408E+00
-5.650000E-01 2.697217E+00
-5.550000E-01 2.677491E+00
-5.450000E-01 2.658232E+00
-5.350000E-01 2.639440E+00
-5.250000E-01 2.621115E+00
-5.150000E-01 2.603256E+00
-5.050000E-01 2.585863E+00
-4.950000E-01 2.568937E+00
-4.850000E-01 2.552478E+00
-4.750000E-01 2.536485E+00
-4.650000E-01 2.520959E+00
-4.550000E-01 2.505900E+00
-4.450000E-01 2.491307E+00
-4.350000E-01 2.477180E+00
-4.250000E-01 2.463520E+00
-4.150000E-01 2.450327E+00
-4.050000E-01 2.437601E+00
-3.950000E-01 2.425340E+00
-3.850000E-01 2.413547E+00
-3.750000E-01 2.402220E+00
-3.650000E-01 2.391360E+00
-3.550000E-01 2.380966E+00
-3.450000E-01 2.371039E+00
-3.350000E-01 2.361578E+00
-3.250000E-01 2.352584E+00
-3.150000E-01 2.344057E+00
-3.050000E-01 2.335996E+00
-2.950000E-01 2.328401E+00
-2.850000E-01 2.321274E+00
-2.750000E-01 2.314612E+00
-2.650000E-01 2.308418E+00
-2.550000E-01 2.302690E+00
-2.450000E-01 2.297428E+00
-2.350000E-01 2.292634E+00
-2.250000E-01 2.288305E+00
-2.150000E-01 2.284444E+00
-2.050000E-01 2.281048E+00
-1.950000E-01 2.278120E+00
-1.850000E-01 2.275658E+00
-1.750000E-01 2.273662E+00
-1.650000E-01 2.272134E+00
-1.550000E-01 2.271071E+00
-1.450000E-01 2.270476E+00
-1.350000E-01 2.270347E+00
-1.250000E-01 2.270684E+00
-1.150000E-01 2.271488E+00
-1.050000E-01 2.272759E+00
-9.500000E-02 2.274496E+00
-8.500000E-02 2.276700E+00
-7.500000E-02 2.279370E+00
-6.500000E-02 2.282507E+00
-5.500000E-02 2.286111E+00
-4.500000E-02 2.290181E+00
-3.500000E-02 2.294718E+00
-2.500000E-02 2.299721E+00
-1.500000E-02 2.305191E+00
-5.000000E-03 2.311127E+00
5.000000E-03 2.317530E+00
1.500000E-02 2.324400E+00
2.500000E-02 2.331736E+00
3.500000E-02 2.339539E+00
4.500000E-02 2.347808E+00
5.500000E-02 2.356544E+00
6.500000E-02 2.365746E+00
7.500000E-02 2.375415E+00
8.500000E-02 2.385551E+00
9.500000E-02 2.396153E+00
1.050000E-01 2.407222E+00
1.150000E-01 2.418757E+00
1.250000E-01 2.430759E+00
1.350000E-01 2.443228E+00
1.450000E-01 2.456163E+00
1.550000E-01 2.469564E+00
1.650000E-01 2.483433E+00
1.750000E-01 2.497767E+00
1.850000E-01 2.512569E+00
1.950000E-01 2.527837E+00
2.050000E-01 2.543571E+00
2.150000E-01 2.559772E+00
2.250000E-01 2.576440E+00
2.350000E-01 2.593574E+00
2.450000E-01 2.611175E+00
2.550000E-01 2.629243E+00
2.650000E-01 2.647777E+00
2.750000E-01 2.666777E+00
2.850000E-01 2.686244E+00
2.950000E-01 2.706178E+00
3.050000E-01 2.726579E+00
3.150000E-01 2.747445E+00
3.250000E-01 2.768779E+00
3.350000E-01 2.790579E+00
3.450000E-01 2.812846E+00
3.550000E-01 2.835579E+00
3.650000E-01 2.858779E+00
3.750000E-01 2.882445E+00
3.850000E-01 2.906578E+00
3.950000E-01 2.931177E+00
4.050000E-01 2.956243E+00
4.150000E-01 2.981776E+00
4.250000E-01 3.007775E+00
4.350000E-01 3.034241E+00
4.450000E-01 3.061174E+00
4.550000E-01 3.088573E+00
4.650000E-01 3.116438E+00
4.750000E-01 3.144770E+00
4.850000E-01 3.173569E+00
4.950000E-01 3.202834E+00
5.050000E-01 3.232566E+00
5.150000E-01 3.262765E+00
5.250000E-01 3.293430E+00
5.350000E-01 3.324561E+00
5.450000E-01 3.356159E+00
5.550000E-01 3.388224E+00
5.650000E-01 3.420755E+00
5.750000E-01 3.453753E+00
5.850000E-01 3.487218E+00
5.950000E-01 3.521149E+00
6.050000E-01 3.555546E+00
6.150000E-01 3.590411E+00
6.250000E-01 3.625741E+00
6.350000E-01 3.661539E+00
6.450000E-01 3.697803E+00
6.550000E-01 3.734533E+00
6.650000E-01 3.771730E+00
6.750000E-01 3.809394E+00
6.850000E-01 3.847524E+00
6.950000E-01 3.886121E+00
7.050000E-01 3.925185E+00
7.150000E-01 3.964715E+00
7.250000E-01 4.004711E+00
7.350000E-01 4.045174E+00
7.450000E-01 4.086104E+00
7.550000E-01 4.127500E+00
7.650000E-01 4.169363E+00
7.750000E-01 4.211693E+00
7.850000E-01 4.254489E+00
7.950000E-01 4.297751E+00
8.050000E-01 4.341480E+00
8.150000E-01 4.385676E+00
8.250000E-01 4.430339E+00
8.350000E-01 4.475467E+00
8.450000E-01 4.521063E+00
8.550000E-01 4.567125E+00
8.650000E-01 4.613654E+00
8.750000E-01 4.660649E+00
8.850000E-01 4.708111E+00
8.950000E-01 4.756039E+00
9.050000E-01 4.804434E+00
9.150000E-01 4.853295E+00
9.250000E-01 4.902624E+00
9.350000E-01 4.952418E+00
9.450000E-01 5.002680E+00
9.550000E-01 5.053407E+00
9.650000E-01 5.104602E+00
9.750000E-01 5.156263E+00
9.850000E-01 5.208390E+00
9.950000E-01 5.260985E+00
