 m,M ->b,B
x-axis: "cos(p1,p3)"  from -1.000000 to 1.000000 N_points= 200
Diff. cross section [pb]
-9.950000E-01 -3.533761E+00
-9.850000E-01 -3.498231E+00
-9.750000E-01 -3.462681E+00
-9.650000E-01 -3.427111E+00
-9.550000E-01 -3.391523E+00
-9.450000E-01 -3.355915E+00
-9.350000E-01 -3.320288E+00
-9.250000E-01 -3.284642E+00
-9.150000E-01 -3.248977E+00
-9.050000E-01 -3.213293E+00
-8.950000E-01 -3.177589E+00
-8.850000E-01 -3.141866E+00
-8.750000E-01 -3.106124E+00
-8.650000E-01 -3.070363E+00
-8.550000E-01 -3.034582E+00
-8.450000E-01 -2.998782E+00
-8.350000E-01 -2.962963E+00
-8.250000E-01 -2.927125E+00
-8.150000E-01 -2.891267E+00
-8.050000E-01 -2.855391E+00
-7.950000E-01 -2.819495E+00
-7.850000E-01 -2.783580E+00
-7.750000E-01 -2.747645E+00
-7.650000E-01 -2.711692E+00
-7.550000E-01 -2.675719E+00
-7.450000E-01 -2.639727E+00
-7.350000E-01 -2.603716E+00
-7.250000E-01 -2.567686E+00
-7.150000E-01 -2.531636E+00
-7.050000E-01 -2.495567E+00
-6.950000E-01 -2.459479E+00
-6.850000E-01 -2.423372E+00
-6.750000E-01 -2.387245E+00
-6.650000E-01 -2.351100E+00
-6.550000E-01 -2.314935E+00
-6.450000E-01 -2.278751E+00
-6.350000E-01 -2.242547E+00
-6.250000E-01 -2.206325E+00
-6.150000E-01 -2.170083E+00
-6.050000E-01 -2.133822E+00
-5.950000E-01 -2.097542E+00
-5.850000E-01 -2.061242E+00
-5.750000E-01 -2.024923E+00
-5.650000E-01 -1.988586E+00
-5.550000E-01 -1.952228E+00
-5.450000E-01 -1.915852E+00
-5.350000E-01 -1.879457E+00
-5.250000E-01 -1.843042E+00
-5.150000E-01 -1.806608E+00
-5.050000E-01 -1.770155E+00
-4.950000E-01 -1.733682E+00
-4.850000E-01 -1.697191E+00
-4.750000E-01 -1.660680E+00
-4.650000E-01 -1.624150E+00
-4.550000E-01 -1.587601E+00
-4.450000E-01 -1.551032E+00
-4.350000E-01 -1.514444E+00
-4.250000E-01 -1.477837E+00
-4.150000E-01 -1.441211E+00
-4.050000E-01 -1.404566E+00
-3.950000E-01 -1.367901E+00
-3.850000E-01 -1.331218E+00
-3.750000E-01 -1.294515E+00
-3.650000E-01 -1.257792E+00
-3.550000E-01 -1.221051E+00
-3.450000E-01 -1.184290E+00
-3.350000E-01 -1.147510E+00
-3.250000E-01 -1.110711E+00
-3.150000E-01 -1.073893E+00
-3.050000E-01 -1.037056E+00
-2.950000E-01 -1.000199E+00
-2.850000E-01 -9.633228E-01
-2.750000E-01 -9.264276E-01
-2.650000E-01 -8.895132E-01
-2.550000E-01 -8.525796E-01
-2.450000E-01 -8.156268E-01
-2.350000E-01 -7.786548E-01
-2.250000E-01 -7.416635E-01
-2.150000E-01 -7.046530E-01
-2.050000E-01 -6.676233E-01
-1.950000E-01 -6.305744E-01
-1.850000E-01 -5.935063E-01
-1.750000E-01 -5.564189E-01
-1.650000E-01 -5.193124E-01
-1.550000E-01 -4.821866E-01
-1.450000E-01 -4.450416E-01
-1.350000E-01 -4.078774E-01
-1.250000E-01 -3.706939E-01
-1.150000E-01 -3.334913E-01
-1.050000E-01 -2.962694E-01
-9.500000E-02 -2.590283E-01
-8.500000E-02 -2.217680E-01
-7.500000E-02 -1.844885E-01
-6.500000E-02 -1.471898E-01
-5.500000E-02 -1.098718E-01
-4.500000E-02 -7.253465E-02
-3.500000E-02 -3.517826E-02
-2.500000E-02 2.197343E-03
-1.500000E-02 3.959216E-02
-5.000000E-03 7.700620E-02
5.000000E-03 1.144395E-01
1.500000E-02 1.518919E-01
2.500000E-02 1.893636E-01
3.500000E-02 2.268545E-01
4.500000E-02 2.643647E-01
5.500000E-02 3.018940E-01
6.500000E-02 3.394426E-01
7.500000E-02 3.770103E-01
8.500000E-02 4.145973E-01
9.500000E-02 4.522035E-01
1.050000E-01 4.898290E-01
1.150000E-01 5.274736E-01
1.250000E-01 5.651375E-01
1.350000E-01 6.028205E-01
1.450000E-01 6.405228E-01
1.550000E-01 6.782444E-01
1.650000E-01 7.159851E-01
1.750000E-01 7.537450E-01
1.850000E-01 7.915242E-01
1.950000E-01 8.293226E-01
2.050000E-01 8.671402E-01
2.150000E-01 9.049770E-01
2.250000E-01 9.428330E-01
2.350000E-01 9.807083E-01
2.450000E-01 1.018603E+00
2.550000E-01 1.056516E+00
2.650000E-01 1.094449E+00
2.750000E-01 1.132401E+00
2.850000E-01 1.170373E+00
2.950000E-01 1.208363E+00
3.050000E-01 1.246373E+00
3.150000E-01 1.284402E+00
3.250000E-01 1.322450E+00
3.350000E-01 1.360518E+00
3.450000E-01 1.398604E+00
3.550000E-01 1.436710E+00
3.650000E-01 1.474835E+00
3.750000E-01 1.512980E+00
3.850000E-01 1.551143E+00
3.950000E-01 1.589326E+00
4.050000E-01 1.627528E+00
4.150000E-01 1.665749E+00
4.250000E-01 1.703989E+00
4.350000E-01 1.742249E+00
4.450000E-01 1.780528E+00
4.550000E-01 1.818826E+00
4.650000E-01 1.857143E+00
4.750000E-01 1.895479E+00
4.850000E-01 1.933835E+00
4.950000E-01 1.972210E+00
5.050000E-01 2.010604E+00
5.150000E-01 2.049017E+00
5.250000E-01 2.087450E+00
5.350000E-01 2.125902E+00
5.450000E-01 2.164373E+00
5.550000E-01 2.202863E+00
5.650000E-01 2.241372E+00
5.750000E-01 2.279901E+00
5.850000E-01 2.318449E+00
5.950000E-01 2.357016E+00
6.050000E-01 2.395602E+00
6.150000E-01 2.434208E+00
6.250000E-01 2.472832E+00
6.350000E-01 2.511476E+00
6.450000E-01 2.550139E+00
6.550000E-01 2.588822E+00
6.650000E-01 2.627523E+00
6.750000E-01 2.666244E+00
6.850000E-01 2.704984E+00
6.950000E-01 2.743744E+00
7.050000E-01 2.782522E+00
7.150000E-01 2.821320E+00
7.250000E-01 2.860137E+00
7.350000E-01 2.898973E+00
7.450000E-01 2.937828E+00
7.550000E-01 2.976703E+00
7.650000E-01 3.015596E+00
7.750000E-01 3.054509E+00
7.850000E-01 3.093441E+00
7.950000E-01 3.132393E+00
8.050000E-01 3.171363E+00
8.150000E-01 3.210353E+00
8.250000E-01 3.249362E+00
8.350000E-01 3.288391E+00
8.450000E-01 3.327438E+00
8.550000E-01 3.366505E+00
8.650000E-01 3.405591E+00
8.750000E-01 3.444696E+00
8.850000E-01 3.483820E+00
8.950000E-01 3.522964E+00
9.050000E-01 3.562127E+00
9.150000E-01 3.601309E+00
9.250000E-01 3.640510E+00
9.350000E-01 3.679730E+00
9.450000E-01 3.718970E+00
9.550000E-01 3.758229E+00
9.650000E-01 3.797507E+00
9.750000E-01 3.836804E+00
9.850000E-01 3.876121E+00
9.950000E-01 3.915457E+00
