 m,M ->b,B
x-axis: "cos(p1,p3)"  from -1.000000 to 1.000000 N_points= 200
Diff. cross section [pb]
-9.950000E-01 4.708048E-02
-9.850000E-01 4.661107E-02
-9.750000E-01 4.614918E-02
-9.650000E-01 4.569481E-02
-9.550000E-01 4.524795E-02
-9.450000E-01 4.480862E-02
-9.350000E-01 4.437681E-02
-9.250000E-01 4.395252E-02
-9.150000E-01 4.353574E-02
-9.050000E-01 4.312649E-02
-8.950000E-01 4.272475E-02
-8.850000E-01 4.233054E-02
-8.750000E-01 4.194384E-02
-8.650000E-01 4.156466E-02
-8.550000E-01 4.119301E-02
-8.450000E-01 4.082887E-02
-8.350000E-01 4.047225E-02
-8.250000E-01 4.012315E-02
-8.150000E-01 3.978157E-02
-8.050000E-01 3.944751E-02
-7.950000E-01 3.912097E-02
-7.850000E-01 3.880194E-02
-7.750000E-01 3.849044E-02
-7.650000E-01 3.818646E-02
-7.550000E-01 3.788999E-02
-7.450000E-01 3.760105E-02
-7.350000E-01 3.731962E-02
-7.250000E-01 3.704572E-02
-7.150000E-01 3.677933E-02
-7.050000E-01 3.652046E-02
-6.950000E-01 3.626911E-02
-6.850000E-01 3.602529E-02
-6.750000E-01 3.578898E-02
-6.650000E-01 3.556019E-02
-6.550000E-01 3.533892E-02
-6.450000E-01 3.512516E-02
-6.350000E-01 3.491893E-02
-6.250000E-01 3.472022E-02
-6.150000E-01 3.452903E-02
-6.050000E-01 3.434535E-02
-5.950000E-01 3.416920E-02
-5.850000E-01 3.400056E-02
-5.750000E-01 3.383945E-02
-5.650000E-01 3.368585E-02
-5.550000E-01 3.353977E-02
-5.450000E-01 3.340122E-02
-5.350000E-01 3.327018E-02
-5.250000E-01 3.314666E-02
-5.150000E-01 3.303066E-02
-5.050000E-01 3.292218E-02
-4.950000E-01 3.282122E-02
-4.850000E-01 3.272778E-02
-4.750000E-01 3.264185E-02
-4.650000E-01 3.256345E-02
-4.550000E-01 3.249257E-02
-4.450000E-01 3.242920E-02
-4.350000E-01 3.237336E-02
-4.250000E-01 3.232503E-02
-4.150000E-01 3.228423E-02
-4.050000E-01 3.225094E-02
-3.950000E-01 3.222517E-02
-3.850000E-01 3.220692E-02
-3.750000E-01 3.219620E-02
-3.650000E-01 3.219299E-02
-3.550000E-01 3.219730E-02
-3.450000E-01 3.220913E-02
-3.350000E-01 3.222848E-02
-3.250000E-01 3.225534E-02
-3.150000E-01 3.228973E-02
-3.050000E-01 3.233164E-02
-2.950000E-01 3.238106E-02
-2.850000E-01 3.243801E-02
-2.750000E-01 3.250247E-02
-2.650000E-01 3.257446E-02
-2.550000E-01 3.265396E-02
-2.450000E-01 3.274099E-02
-2.350000E-01 3.283553E-02
-2.250000E-01 3.293759E-02
-2.150000E-01 3.304717E-02
-2.050000E-01 3.316427E-02
-1.950000E-01 3.328889E-02
-1.850000E-01 3.342103E-02
-1.750000E-01 3.356069E-02
-1.650000E-01 3.370787E-02
-1.550000E-01 3.386256E-02
-1.450000E-01 3.402478E-02
-1.350000E-01 3.419452E-02
-1.250000E-01 3.437177E-02
-1.150000E-01 3.455655E-02
-1.050000E-01 3.474884E-02
-9.500000E-02 3.494865E-02
-8.500000E-02 3.515599E-02
-7.500000E-02 3.537084E-02
-6.500000E-02 3.559321E-02
-5.500000E-02 3.582310E-02
-4.500000E-02 3.606051E-02
-3.500000E-02 3.630544E-02
-2.500000E-02 3.655789E-02
-1.500000E-02 3.681786E-02
-5.000000E-03 3.708534E-02
5.000000E-03 3.736035E-02
1.500000E-02 3.764288E-02
2.500000E-02 3.793292E-02
3.500000E-02 3.823049E-02
4.500000E-02 3.853557E-02
5.500000E-02 3.884818E-02
6.500000E-02 3.916830E-02
7.500000E-02 3.949594E-02
8.500000E-02 3.983110E-02
9.500000E-02 4.017378E-02
1.050000E-01 4.052399E-02
1.150000E-01 4.088171E-02
1.250000E-01 4.124694E-02
1.350000E-01 4.161970E-02
1.450000E-01 4.199998E-02
1.550000E-01 4.238778E-02
1.650000E-01 4.278309E-02
1.750000E-01 4.318593E-02
1.850000E-01 4.359629E-02
1.950000E-01 4.401416E-02
2.050000E-01 4.443955E-02
2.150000E-01 4.487247E-02
2.250000E-01 4.531290E-02
2.350000E-01 4.576085E-02
2.450000E-01 4.621632E-02
2.550000E-01 4.667932E-02
2.650000E-01 4.714983E-02
2.750000E-01 4.762786E-02
2.850000E-01 4.811340E-02
2.950000E-01 4.860647E-02
3.050000E-01 4.910706E-02
3.150000E-01 4.961517E-02
3.250000E-01 5.013079E-02
3.350000E-01 5.065394E-02
3.450000E-01 5.118460E-02
3.550000E-01 5.172279E-02
3.650000E-01 5.226849E-02
3.750000E-01 5.282172E-02
3.850000E-01 5.338246E-02
3.950000E-01 5.395072E-02
4.050000E-01 5.452650E-02
4.150000E-01 5.510980E-02
4.250000E-01 5.570062E-02
4.350000E-01 5.629896E-02
4.450000E-01 5.690482E-02
4.550000E-01 5.751820E-02
4.650000E-01 5.813909E-02
4.750000E-01 5.876751E-02
4.850000E-01 5.940345E-02
4.950000E-01 6.004690E-02
5.050000E-01 6.069788E-02
5.150000E-01 6.135637E-02
5.250000E-01 6.202238E-02
5.350000E-01 6.269592E-02
5.450000E-01 6.337697E-02
5.550000E-01 6.406554E-02
5.650000E-01 6.476163E-02
5.750000E-01 6.546524E-02
5.850000E-01 6.617637E-02
5.950000E-01 6.689502E-02
6.050000E-01 6.762119E-02
6.150000E-01 6.835488E-02
6.250000E-01 6.909608E-02
6.350000E-01 6.984481E-02
6.450000E-01 7.060106E-02
6.550000E-01 7.136482E-02
6.650000E-01 7.213611E-02
6.750000E-01 7.291491E-02
6.850000E-01 7.370123E-02
6.950000E-01 7.449508E-02
7.050000E-01 7.529644E-02
7.150000E-01 7.610532E-02
7.250000E-01 7.692172E-02
7.350000E-01 7.774564E-02
7.450000E-01 7.857708E-02
7.550000E-01 7.941604E-02
7.650000E-01 8.026252E-02
7.750000E-01 8.111651E-02
7.850000E-01 8.197803E-02
7.950000E-01 8.284707E-02
8.050000E-01 8.372362E-02
8.150000E-01 8.460770E-02
8.250000E-01 8.549929E-02
8.350000E-01 8.639840E-02
8.450000E-01 8.730504E-02
8.550000E-01 8.821919E-02
8.650000E-01 8.914086E-02
8.750000E-01 9.007005E-02
8.850000E-01 9.100676E-02
8.950000E-01 9.195099E-02
9.050000E-01 9.290274E-02
9.150000E-01 9.386201E-02
9.250000E-01 9.482880E-02
9.350000E-01 9.580310E-02
9.450000E-01 9.678493E-02
9.550000E-01 9.777428E-02
9.650000E-01 9.877114E-02
9.750000E-01 9.977553E-02
9.850000E-01 1.007874E-01
9.950000E-01 1.018069E-01
