 m,M ->b,B
x-axis: "cos(p1,p3)"  from -1.000000 to 1.000000 N_points= 200
Diff. cross section [pb]
-9.950000E-01 1.569049E+00
-9.850000E-01 1.553666E+00
-9.750000E-01 1.538882E+00
-9.650000E-01 1.524695E+00
-9.550000E-01 1.511107E+00
-9.450000E-01 1.498117E+00
-9.350000E-01 1.485725E+00
-9.250000E-01 1.473932E+00
-9.150000E-01 1.462736E+00
-9.050000E-01 1.452139E+00
-8.950000E-01 1.442140E+00
-8.850000E-01 1.432739E+00
-8.750000E-01 1.423936E+00
-8.650000E-01 1.415732E+00
-8.550000E-01 1.408125E+00
-8.450000E-01 1.401117E+00
-8.350000E-01 1.394707E+00
-8.250000E-01 1.388895E+00
-8.150000E-01 1.383681E+00
-8.050000E-01 1.379066E+00
-7.950000E-01 1.375048E+00
-7.850000E-01 1.371629E+00
-7.750000E-01 1.368808E+00
-7.650000E-01 1.366585E+00
-7.550000E-01 1.364960E+00
-7.450000E-01 1.363934E+00
-7.350000E-01 1.363505E+00
-7.250000E-01 1.363675E+00
-7.150000E-01 1.364443E+00
-7.050000E-01 1.365809E+00
-6.950000E-01 1.367774E+00
-6.850000E-01 1.370336E+00
-6.750000E-01 1.373497E+00
-6.650000E-01 1.377256E+00
-6.550000E-01 1.381613E+00
-6.450000E-01 1.386568E+00
-6.350000E-01 1.392121E+00
-6.250000E-01 1.398273E+00
-6.150000E-01 1.405022E+00
-6.050000E-01 1.412370E+00
-5.950000E-01 1.420316E+00
-5.850000E-01 1.428860E+00
-5.750000E-01 1.438003E+00
-5.650000E-01 1.447743E+00
-5.550000E-01 1.458082E+00
-5.450000E-01 1.469019E+00
-5.350000E-01 1.480554E+00
-5.250000E-01 1.492687E+00
-5.150000E-01 1.505418E+00
-5.050000E-01 1.518748E+00
-4.950000E-01 1.532676E+00
-4.850000E-01 1.547202E+00
-4.750000E-01 1.562326E+00
-4.650000E-01 1.578048E+00
-4.550000E-01 1.594368E+00
-4.450000E-01 1.611287E+00
-4.350000E-01 1.628804E+00
-4.250000E-01 1.646919E+00
-4.150000E-01 1.665632E+00
-4.050000E-01 1.684943E+00
-3.950000E-01 1.704852E+00
-3.850000E-01 1.725360E+00
-3.750000E-01 1.746466E+00
-3.650000E-01 1.768170E+00
-3.550000E-01 1.790472E+00
-3.450000E-01 1.813372E+00
-3.350000E-01 1.836870E+00
-3.250000E-01 1.860967E+00
-3.150000E-01 1.885662E+00
-3.050000E-01 1.910955E+00
-2.950000E-01 1.936846E+00
-2.850000E-01 1.963335E+00
-2.750000E-01 1.990423E+00
-2.650000E-01 2.018108E+00
-2.550000E-01 2.046392E+00
-2.450000E-01 2.075274E+00
-2.350000E-01 2.104754E+00
-2.250000E-01 2.134833E+00
-2.150000E-01 2.165509E+00
-2.050000E-01 2.196784E+00
-1.950000E-01 2.228657E+00
-1.850000E-01 2.261128E+00
-1.750000E-01 2.294197E+00
-1.650000E-01 2.327864E+00
-1.550000E-01 2.362130E+00
-1.450000E-01 2.396993E+00
-1.350000E-01 2.432455E+00
-1.250000E-01 2.468515E+00
-1.150000E-01 2.505174E+00
-1.050000E-01 2.542430E+00
-9.500000E-02 2.580285E+00
-8.500000E-02 2.618737E+00
-7.500000E-02 2.657788E+00
-6.500000E-02 2.697437E+00
-5.500000E-02 2.737684E+00
-4.500000E-02 2.778530E+00
-3.500000E-02 2.819973E+00
-2.500000E-02 2.862015E+00
-1.500000E-02 2.904655E+00
-5.000000E-03 2.947893E+00
5.000000E-03 2.991729E+00
1.500000E-02 3.036164E+00
2.500000E-02 3.081196E+00
3.500000E-02 3.126827E+00
4.500000E-02 3.173056E+00
5.500000E-02 3.219883E+00
6.500000E-02 3.267308E+00
7.500000E-02 3.315332E+00
8.500000E-02 3.363954E+00
9.500000E-02 3.413173E+00
1.050000E-01 3.462991E+00
1.150000E-01 3.513407E+00
1.250000E-01 3.564422E+00
1.350000E-01 3.616034E+00
1.450000E-01 3.668245E+00
1.550000E-01 3.721054E+00
1.650000E-01 3.774461E+00
1.750000E-01 3.828466E+00
1.850000E-01 3.883069E+00
1.950000E-01 3.938271E+00
2.050000E-01 3.994070E+00
2.150000E-01 4.050468E+00
2.250000E-01 4.107464E+00
2.350000E-01 4.165058E+00
2.450000E-01 4.223251E+00
2.550000E-01 4.282041E+00
2.650000E-01 4.341430E+00
2.750000E-01 4.401417E+00
2.850000E-01 4.462002E+00
2.950000E-01 4.523185E+00
3.050000E-01 4.584966E+00
3.150000E-01 4.647346E+00
3.250000E-01 4.710324E+00
3.350000E-01 4.773900E+00
3.450000E-01 4.838074E+00
3.550000E-01 4.902846E+00
3.650000E-01 4.968216E+00
3.750000E-01 5.034185E+00
3.850000E-01 5.100752E+00
3.950000E-01 5.167916E+00
4.050000E-01 5.235680E+00
4.150000E-01 5.304041E+00
4.250000E-01 5.373000E+00
4.350000E-01 5.442558E+00
4.450000E-01 5.512714E+00
4.550000E-01 5.583468E+00
4.650000E-01 5.654820E+00
4.750000E-01 5.726770E+00
4.850000E-01 5.799318E+00
4.950000E-01 5.872465E+00
5.050000E-01 5.946210E+00
5.150000E-01 6.020553E+00
5.250000E-01 6.095494E+00
5.350000E-01 6.171033E+00
5.450000E-01 6.247171E+00
5.550000E-01 6.323906E+00
5.650000E-01 6.401240E+00
5.750000E-01 6.479172E+00
5.850000E-01 6.557702E+00
5.950000E-01 6.636831E+00
6.050000E-01 6.716557E+00
6.150000E-01 6.796882E+00
6.250000E-01 6.877805E+00
6.350000E-01 6.959326E+00
6.450000E-01 7.041445E+00
6.550000E-01 7.124162E+00
6.650000E-01 7.207478E+00
6.750000E-01 7.291391E+00
6.850000E-01 7.375903E+00
6.950000E-01 7.461013E+00
7.050000E-01 7.546721E+00
7.150000E-01 7.633028E+00
7.250000E-01 7.719932E+00
7.350000E-01 7.807435E+00
7.450000E-01 7.895536E+00
7.550000E-01 7.984235E+00
7.650000E-01 8.073532E+00
7.750000E-01 8.163428E+00
7.850000E-01 8.253921E+00
7.950000E-01 8.345013E+00
8.050000E-01 8.436703E+00
8.150000E-01 8.528991E+00
8.250000E-01 8.621877E+00
8.350000E-01 8.715362E+00
8.450000E-01 8.809444E+00
8.550000E-01 8.904125E+00
8.650000E-01 8.999404E+00
8.750000E-01 9.095281E+00
8.850000E-01 9.191756E+00
8.950000E-01 9.288830E+00
9.050000E-01 9.386501E+00
9.150000E-01 9.484771E+00
9.250000E-01 9.583639E+00
9.350000E-01 9.683105E+00
9.450000E-01 9.783170E+00
9.550000E-01 9.883832E+00
9.650000E-01 9.985093E+00
9.750000E-01 1.008695E+01
9.850000E-01 1.018941E+01
9.950000E-01 1.029246E+01
