 m,M ->b,B
x-axis: "Sqrt(S)"  from 10.000000 to 5000.000000 N_points= 200
Cross Section [pb]
1.000000E+01 1.197772E+02
3.507538E+01 2.793876E+01
6.015075E+01 1.731929E+01
8.522613E+01 3.440412E+02
1.103015E+02 4.856357E+01
1.353769E+02 1.224273E+01
1.604523E+02 6.174035E+00
1.855276E+02 3.892952E+00
2.106030E+02 2.735528E+00
2.356784E+02 2.049529E+00
2.607538E+02 1.602573E+00
2.858291E+02 1.292178E+00
3.109045E+02 1.066457E+00
3.359799E+02 8.964695E-01
3.610553E+02 7.648796E-01
3.861307E+02 6.607143E-01
4.112060E+02 5.767180E-01
4.362814E+02 5.079192E-01
4.613568E+02 4.508088E-01
4.864322E+02 4.028472E-01
5.115075E+02 3.621565E-01
5.365829E+02 3.273221E-01
5.616583E+02 2.972604E-01
5.867337E+02 2.711297E-01
6.118090E+02 2.482675E-01
6.368844E+02 2.281460E-01
6.619598E+02 2.103409E-01
6.870352E+02 1.945071E-01
7.121106E+02 1.803622E-01
7.371859E+02 1.676727E-01
7.622613E+02 1.562443E-01
7.873367E+02 1.459143E-01
8.124121E+02 1.365456E-01
8.374874E+02 1.280217E-01
8.625628E+02 1.202437E-01
8.876382E+02 1.131264E-01
9.127136E+02 1.065967E-01
9.377889E+02 1.005913E-01
9.628643E+02 9.505535E-02
9.879397E+02 8.994082E-02
1.013015E+03 8.520579E-02
1.038090E+03 8.081344E-02
1.063166E+03 7.673130E-02
1.088241E+03 7.293068E-02
1.113317E+03 6.938612E-02
1.138392E+03 6.607501E-02
1.163467E+03 6.297715E-02
1.188543E+03 6.007450E-02
1.213618E+03 5.735090E-02
1.238693E+03 5.479183E-02
1.263769E+03 5.238419E-02
1.288844E+03 5.011618E-02
1.313920E+03 4.797713E-02
1.338995E+03 4.595737E-02
1.364070E+03 4.404811E-02
1.389146E+03 4.224136E-02
1.414221E+03 4.052986E-02
1.439296E+03 3.890695E-02
1.464372E+03 3.736656E-02
1.489447E+03 3.590313E-02
1.514523E+03 3.451157E-02
1.539598E+03 3.318719E-02
1.564673E+03 3.192568E-02
1.589749E+03 3.072307E-02
1.614824E+03 2.957572E-02
1.639899E+03 2.848023E-02
1.664975E+03 2.743349E-02
1.690050E+03 2.643260E-02
1.715126E+03 2.547490E-02
1.740201E+03 2.455789E-02
1.765276E+03 2.367926E-02
1.790352E+03 2.283688E-02
1.815427E+03 2.202875E-02
1.840503E+03 2.125301E-02
1.865578E+03 2.050792E-02
1.890653E+03 1.979188E-02
1.915729E+03 1.910336E-02
1.940804E+03 1.844097E-02
1.965879E+03 1.780338E-02
1.990955E+03 1.718936E-02
2.016030E+03 1.659776E-02
2.041106E+03 1.602748E-02
2.066181E+03 1.547753E-02
2.091256E+03 1.494694E-02
2.116332E+03 1.443482E-02
2.141407E+03 1.394034E-02
2.166482E+03 1.346270E-02
2.191558E+03 1.300118E-02
2.216633E+03 1.255507E-02
2.241709E+03 1.212373E-02
2.266784E+03 1.170654E-02
2.291859E+03 1.130293E-02
2.316935E+03 1.091236E-02
2.342010E+03 1.053433E-02
2.367085E+03 1.016836E-02
2.392161E+03 9.814008E-03
2.417236E+03 9.470862E-03
2.442312E+03 9.138535E-03
2.467387E+03 8.816667E-03
2.492462E+03 8.504922E-03
2.517538E+03 8.202992E-03
2.542613E+03 7.910590E-03
2.567688E+03 7.627454E-03
2.592764E+03 7.353344E-03
2.617839E+03 7.088043E-03
2.642915E+03 6.831357E-03
2.667990E+03 6.583111E-03
2.693065E+03 6.343157E-03
2.718141E+03 6.111367E-03
2.743216E+03 5.887635E-03
2.768291E+03 5.671878E-03
2.793367E+03 5.464040E-03
2.818442E+03 5.264086E-03
2.843518E+03 5.072008E-03
2.868593E+03 4.887826E-03
2.893668E+03 4.711585E-03
2.918744E+03 4.543363E-03
2.943819E+03 4.383268E-03
2.968894E+03 4.231442E-03
2.993970E+03 4.088066E-03
3.019045E+03 3.953358E-03
3.044121E+03 3.827580E-03
3.069196E+03 3.711041E-03
3.094271E+03 3.604103E-03
3.119347E+03 3.507183E-03
3.144422E+03 3.420762E-03
3.169497E+03 3.345391E-03
3.194573E+03 3.281698E-03
3.219648E+03 3.230400E-03
3.244724E+03 3.192310E-03
3.269799E+03 3.168350E-03
3.294874E+03 3.159567E-03
3.319950E+03 3.167149E-03
3.345025E+03 3.192442E-03
3.370101E+03 3.236975E-03
3.395176E+03 3.302483E-03
3.420251E+03 3.390940E-03
3.445327E+03 3.504594E-03
3.470402E+03 3.646009E-03
3.495477E+03 3.818115E-03
3.520553E+03 4.024270E-03
3.545628E+03 4.268326E-03
3.570704E+03 4.554721E-03
3.595779E+03 4.888577E-03
3.620854E+03 5.275825E-03
3.645930E+03 5.723357E-03
3.671005E+03 6.239214E-03
3.696080E+03 6.832804E-03
3.721156E+03 7.515193E-03
3.746231E+03 8.299446E-03
3.771307E+03 9.201070E-03
3.796382E+03 1.023856E-02
3.821457E+03 1.143410E-02
3.846533E+03 1.281445E-02
3.871608E+03 1.441215E-02
3.896683E+03 1.626695E-02
3.921759E+03 1.842786E-02
3.946834E+03 2.095579E-02
3.971910E+03 2.392709E-02
3.996985E+03 2.743845E-02
4.022060E+03 3.161363E-02
4.047136E+03 3.661289E-02
4.072211E+03 4.264658E-02
4.097286E+03 4.999484E-02
4.122362E+03 5.903689E-02
4.147437E+03 7.029569E-02
4.172513E+03 8.450778E-02
4.197588E+03 1.027357E-01
4.222663E+03 1.265557E-01
4.247739E+03 1.583840E-01
4.272814E+03 2.020702E-01
4.297889E+03 2.640431E-01
4.322965E+03 3.556775E-01
4.348040E+03 4.986271E-01
4.373116E+03 7.382596E-01
4.398191E+03 1.182979E+00
4.423266E+03 2.146947E+00
4.448342E+03 4.879966E+00
4.473417E+03 1.894886E+01
4.498492E+03 3.606942E+03
4.523568E+03 2.551359E+01
4.548643E+03 6.171299E+00
4.573719E+03 2.762375E+00
4.598794E+03 1.580020E+00
4.623869E+03 1.031893E+00
4.648945E+03 7.323620E-01
4.674020E+03 5.502716E-01
4.699095E+03 4.309695E-01
4.724171E+03 3.483405E-01
4.749246E+03 2.886044E-01
4.774322E+03 2.439203E-01
4.799397E+03 2.095539E-01
4.824472E+03 1.825060E-01
4.849548E+03 1.607998E-01
4.874623E+03 1.430882E-01
4.899698E+03 1.284265E-01
4.924774E+03 1.161363E-01
4.949849E+03 1.057192E-01
4.974925E+03 9.680281E-02
5.000000E+03 8.910358E-02
