 m,M ->b,B
x-axis: "cos(p1,p3)"  from -1.000000 to 1.000000 N_points= 200
Diff. cross section [pb]
-9.950000E-01 1.832030E-03
-9.850000E-01 1.813771E-03
-9.750000E-01 1.795820E-03
-9.650000E-01 1.778176E-03
-9.550000E-01 1.760839E-03
-9.450000E-01 1.743809E-03
-9.350000E-01 1.727086E-03
-9.250000E-01 1.710671E-03
-9.150000E-01 1.694563E-03
-9.050000E-01 1.678762E-03
-8.950000E-01 1.663268E-03
-8.850000E-01 1.648081E-03
-8.750000E-01 1.633202E-03
-8.650000E-01 1.618629E-03
-8.550000E-01 1.604364E-03
-8.450000E-01 1.590406E-03
-8.350000E-01 1.576755E-03
-8.250000E-01 1.563412E-03
-8.150000E-01 1.550375E-03
-8.050000E-01 1.537646E-03
-7.950000E-01 1.525224E-03
-7.850000E-01 1.513109E-03
-7.750000E-01 1.501301E-03
-7.650000E-01 1.489800E-03
-7.550000E-01 1.478607E-03
-7.450000E-01 1.467720E-03
-7.350000E-01 1.457141E-03
-7.250000E-01 1.446869E-03
-7.150000E-01 1.436905E-03
-7.050000E-01 1.427247E-03
-6.950000E-01 1.417897E-03
-6.850000E-01 1.408854E-03
-6.750000E-01 1.400117E-03
-6.650000E-01 1.391689E-03
-6.550000E-01 1.383567E-03
-6.450000E-01 1.375752E-03
-6.350000E-01 1.368245E-03
-6.250000E-01 1.361045E-03
-6.150000E-01 1.354152E-03
-6.050000E-01 1.347566E-03
-5.950000E-01 1.341287E-03
-5.850000E-01 1.335316E-03
-5.750000E-01 1.329652E-03
-5.650000E-01 1.324295E-03
-5.550000E-01 1.319245E-03
-5.450000E-01 1.314502E-03
-5.350000E-01 1.310066E-03
-5.250000E-01 1.305938E-03
-5.150000E-01 1.302117E-03
-5.050000E-01 1.298602E-03
-4.950000E-01 1.295396E-03
-4.850000E-01 1.292496E-03
-4.750000E-01 1.289903E-03
-4.650000E-01 1.287618E-03
-4.550000E-01 1.285640E-03
-4.450000E-01 1.283969E-03
-4.350000E-01 1.282605E-03
-4.250000E-01 1.281548E-03
-4.150000E-01 1.280799E-03
-4.050000E-01 1.280356E-03
-3.950000E-01 1.280221E-03
-3.850000E-01 1.280393E-03
-3.750000E-01 1.280872E-03
-3.650000E-01 1.281659E-03
-3.550000E-01 1.282752E-03
-3.450000E-01 1.284153E-03
-3.350000E-01 1.285861E-03
-3.250000E-01 1.287876E-03
-3.150000E-01 1.290198E-03
-3.050000E-01 1.292828E-03
-2.950000E-01 1.295764E-03
-2.850000E-01 1.299008E-03
-2.750000E-01 1.302559E-03
-2.650000E-01 1.306417E-03
-2.550000E-01 1.310582E-03
-2.450000E-01 1.315055E-03
-2.350000E-01 1.319835E-03
-2.250000E-01 1.324921E-03
-2.150000E-01 1.330315E-03
-2.050000E-01 1.336017E-03
-1.950000E-01 1.342025E-03
-1.850000E-01 1.348340E-03
-1.750000E-01 1.354963E-03
-1.650000E-01 1.361893E-03
-1.550000E-01 1.369130E-03
-1.450000E-01 1.376674E-03
-1.350000E-01 1.384526E-03
-1.250000E-01 1.392684E-03
-1.150000E-01 1.401150E-03
-1.050000E-01 1.409923E-03
-9.500000E-02 1.419003E-03
-8.500000E-02 1.428390E-03
-7.500000E-02 1.438085E-03
-6.500000E-02 1.448086E-03
-5.500000E-02 1.458395E-03
-4.500000E-02 1.469011E-03
-3.500000E-02 1.479934E-03
-2.500000E-02 1.491165E-03
-1.500000E-02 1.502702E-03
-5.000000E-03 1.514547E-03
5.000000E-03 1.526698E-03
1.500000E-02 1.539158E-03
2.500000E-02 1.551924E-03
3.500000E-02 1.564997E-03
4.500000E-02 1.578378E-03
5.500000E-02 1.592065E-03
6.500000E-02 1.606060E-03
7.500000E-02 1.620362E-03
8.500000E-02 1.634972E-03
9.500000E-02 1.649888E-03
1.050000E-01 1.665112E-03
1.150000E-01 1.680642E-03
1.250000E-01 1.696480E-03
1.350000E-01 1.712625E-03
1.450000E-01 1.729078E-03
1.550000E-01 1.745837E-03
1.650000E-01 1.762904E-03
1.750000E-01 1.780278E-03
1.850000E-01 1.797959E-03
1.950000E-01 1.815947E-03
2.050000E-01 1.834242E-03
2.150000E-01 1.852845E-03
2.250000E-01 1.871754E-03
2.350000E-01 1.890971E-03
2.450000E-01 1.910495E-03
2.550000E-01 1.930326E-03
2.650000E-01 1.950465E-03
2.750000E-01 1.970910E-03
2.850000E-01 1.991663E-03
2.950000E-01 2.012723E-03
3.050000E-01 2.034090E-03
3.150000E-01 2.055764E-03
3.250000E-01 2.077746E-03
3.350000E-01 2.100034E-03
3.450000E-01 2.122630E-03
3.550000E-01 2.145533E-03
3.650000E-01 2.168743E-03
3.750000E-01 2.192260E-03
3.850000E-01 2.216085E-03
3.950000E-01 2.240217E-03
4.050000E-01 2.264655E-03
4.150000E-01 2.289401E-03
4.250000E-01 2.314455E-03
4.350000E-01 2.339815E-03
4.450000E-01 2.365482E-03
4.550000E-01 2.391457E-03
4.650000E-01 2.417739E-03
4.750000E-01 2.444328E-03
4.850000E-01 2.471224E-03
4.950000E-01 2.498428E-03
5.050000E-01 2.525938E-03
5.150000E-01 2.553756E-03
5.250000E-01 2.581881E-03
5.350000E-01 2.610313E-03
5.450000E-01 2.639052E-03
5.550000E-01 2.668099E-03
5.650000E-01 2.697452E-03
5.750000E-01 2.727113E-03
5.850000E-01 2.757081E-03
5.950000E-01 2.787356E-03
6.050000E-01 2.817939E-03
6.150000E-01 2.848828E-03
6.250000E-01 2.880025E-03
6.350000E-01 2.911529E-03
6.450000E-01 2.943340E-03
6.550000E-01 2.975458E-03
6.650000E-01 3.007883E-03
6.750000E-01 3.040616E-03
6.850000E-01 3.073656E-03
6.950000E-01 3.107003E-03
7.050000E-01 3.140657E-03
7.150000E-01 3.174618E-03
7.250000E-01 3.208886E-03
7.350000E-01 3.243462E-03
7.450000E-01 3.278345E-03
7.550000E-01 3.313535E-03
7.650000E-01 3.349032E-03
7.750000E-01 3.384836E-03
7.850000E-01 3.420947E-03
7.950000E-01 3.457366E-03
8.050000E-01 3.494092E-03
8.150000E-01 3.531125E-03
8.250000E-01 3.568465E-03
8.350000E-01 3.606112E-03
8.450000E-01 3.644067E-03
8.550000E-01 3.682329E-03
8.650000E-01 3.720898E-03
8.750000E-01 3.759774E-03
8.850000E-01 3.798957E-03
8.950000E-01 3.838447E-03
9.050000E-01 3.878245E-03
9.150000E-01 3.918350E-03
9.250000E-01 3.958761E-03
9.350000E-01 3.999481E-03
9.450000E-01 4.040507E-03
9.550000E-01 4.081840E-03
9.650000E-01 4.123481E-03
9.750000E-01 4.165429E-03
9.850000E-01 4.207684E-03
9.950000E-01 4.250246E-03
