-1.0  1.5687942462889395
-0.9899497487437185  1.553418948413348
-0.9798994974874372  1.5386478321377481
-0.9698492462311558  1.5244808974621407
-0.9597989949748744  1.510918144386523
-0.949748743718593  1.4979595729108972
-0.9396984924623115  1.4856051830352617
-0.9296482412060302  1.4738549747596186
-0.9195979899497487  1.4627089480839657
-0.9095477386934674  1.452167103008303
-0.8994974874371859  1.4422294395326332
-0.8894472361809045  1.432895957656954
-0.8793969849246231  1.4241666573812655
-0.8693467336683417  1.4160415387055685
-0.8592964824120604  1.4085206016298617
-0.8492462311557789  1.4016038461541482
-0.8391959798994975  1.3952912722784245
-0.8291457286432161  1.389582880002692
-0.8190954773869347  1.3844786693269504
-0.8090452261306533  1.3799786402512013
-0.7989949748743719  1.3760827927754407
-0.7889447236180904  1.3727911268996729
-0.778894472361809  1.3701036426238962
-0.7688442211055276  1.3680203399481092
-0.7587939698492463  1.3665412188723152
-0.7487437185929648  1.3656662793965118
-0.7386934673366834  1.3653955215206994
-0.728643216080402  1.3657289452448786
-0.7185929648241206  1.3666665505690485
-0.7085427135678393  1.368208337493209
-0.6984924623115578  1.3703543060173615
-0.6884422110552764  1.3731044561415047
-0.6783919597989949  1.3764587878656385
-0.6683417085427136  1.3804173011897642
-0.6582914572864322  1.3849799961138807
-0.6482412060301508  1.3901468726379886
-0.6381909547738693  1.3959179307620868
-0.6281407035175879  1.4022931704861765
-0.6180904522613065  1.4092725918102587
-0.6080402010050251  1.41685619473433
-0.5979899497487438  1.425043979258394
-0.5879396984924623  1.433835945382448
-0.5778894472361809  1.4432320931064941
-0.5678391959798995  1.4532324224305302
-0.5577889447236181  1.4638369333545587
-0.5477386934673367  1.4750456258785776
-0.5376884422110553  1.486858500002587
-0.5276381909547738  1.4992755557265895
-0.5175879396984925  1.5122967930505813
-0.507537688442211  1.525922211974565
-0.4974874371859297  1.5401518124985394
-0.48743718592964824  1.5549855946225046
-0.4773869346733668  1.5704235583464619
-0.46733668341708545  1.5864657036704095
-0.457286432160804  1.6031120305943491
-0.44723618090452255  1.6203625391182792
-0.4371859296482412  1.6382172292422008
-0.42713567839195976  1.6566761009661128
-0.4170854271356784  1.6757391542900164
-0.40703517587939697  1.6954063892139113
-0.3969849246231155  1.7156778057377973
-0.3869346733668342  1.7365534038616746
-0.37688442211055273  1.7580331835855423
-0.3668341708542714  1.780117144909401
-0.35678391959798994  1.8028052878332517
-0.3467336683417085  1.8260976123570936
-0.33668341708542715  1.8499941184809263
-0.3266331658291457  1.8744948062047502
-0.31658291457286436  1.8995996755285642
-0.3065326633165829  1.9253087264523712
-0.29648241206030146  1.9516219589761676
-0.2864321608040201  1.9785393730999559
-0.27638190954773867  2.006060968823735
-0.26633165829145733  2.0341867461475056
-0.2562814070351759  2.062916705071267
-0.24623115577889443  2.0922508455950206
-0.2361809045226131  2.122189167718764
-0.22613065326633164  2.1527316714424996
-0.2160804020100502  2.183878356766226
-0.20603015075376885  2.2156292236899424
-0.1959798994974874  2.2479842722136514
-0.18592964824120606  2.2809435023373497
-0.1758793969849246  2.314506914061041
-0.16582914572864316  2.3486745073847226
-0.15577889447236182  2.383446282308395
-0.14572864321608037  2.4188222388320595
-0.13567839195979903  2.454802376955715
-0.12562814070351758  2.4913866966793616
-0.11557788944723613  2.5285751980029985
-0.10552763819095479  2.566367880926627
-0.09547738693467334  2.6047647454502467
-0.085427135678392  2.643765791573857
-0.07537688442211055  2.683371019297459
-0.0653266331658291  2.723580428621052
-0.055276381909547756  2.764394019544636
-0.045226130653266305  2.805811792068211
-0.035175879396984966  2.847833746191778
-0.025125628140703515  2.890459881915336
-0.015075376884422065  2.9336901992388844
-0.005025125628140725  2.9775246981624237
0.005025125628140614  3.021963378685954
0.015075376884422065  3.0670062408094765
0.025125628140703515  3.11265328453299
0.035175879396984966  3.158904509856494
0.045226130653266416  3.2057599167799893
0.055276381909547645  3.253219505303475
0.0653266331658291  3.301283275426954
0.07537688442211055  3.349951227150423
0.085427135678392  3.3992233604738824
0.09547738693467345  3.4490996753973335
0.1055276381909549  3.499580171920776
0.11557788944723613  3.5506648500442086
0.12562814070351758  3.602353709767633
0.13567839195979903  3.654646751091049
0.14572864321608048  3.7075439740144556
0.15577889447236193  3.761045378537853
0.16582914572864316  3.8151509646612416
0.1758793969849246  3.8698607323846224
0.18592964824120606  3.9251746817079933
0.1959798994974875  3.9810928126313563
0.20603015075376896  4.03761512515471
0.2160804020100502  4.094741619278053
0.22613065326633164  4.152472295001389
0.2361809045226131  4.2108071523247155
0.24623115577889454  4.269746191248035
0.256281407035176  4.3292894117713425
0.2663316582914572  4.389436813894642
0.27638190954773867  4.450188397617936
0.2864321608040201  4.511544162941218
0.29648241206030157  4.5735041098644915
0.306532663316583  4.636068238387756
0.31658291457286425  4.699236548511011
0.3266331658291457  4.763009040234257
0.33668341708542715  4.827385713557495
0.3467336683417086  4.892366568480726
0.35678391959799005  4.957951605003946
0.3668341708542713  5.024140823127157
0.37688442211055273  5.090934222850359
0.3869346733668342  5.158331804173553
0.39698492462311563  5.226333567096738
0.4070351758793971  5.294939511619915
0.4170854271356783  5.36414963774308
0.42713567839195976  5.433963945466239
0.4371859296482412  5.504382434789388
0.44723618090452266  5.5754051057125285
0.4572864321608041  5.647031958235661
0.46733668341708534  5.719262992358781
0.4773869346733668  5.792098208081899
0.48743718592964824  5.8655376054050015
0.4974874371859297  5.9395811843281
0.5075376884422111  6.014228944851185
0.5175879396984926  6.089480886974266
0.5276381909547738  6.165337010697334
0.5376884422110553  6.241797316020394
0.5477386934673367  6.318861802943446
0.5577889447236182  6.396530471466491
0.5678391959798996  6.474803321589524
0.5778894472361809  6.553680353312546
0.5879396984924623  6.633161566635563
0.5979899497487438  6.713246961558571
0.6080402010050252  6.793936538081569
0.6180904522613067  6.87523029620456
0.6281407035175879  6.957128235927538
0.6381909547738693  7.039630357250511
0.6482412060301508  7.122736660173474
0.6582914572864322  7.206447144696428
0.6683417085427137  7.290761810819374
0.6783919597989949  7.375680658542308
0.6884422110552764  7.461203687865239
0.6984924623115578  7.5473308987881556
0.7085427135678393  7.634062291311068
0.7185929648241207  7.721397865433968
0.728643216080402  7.809337621156859
0.7386934673366834  7.897881558479741
0.7487437185929648  7.987029677402614
0.7587939698492463  8.076781977925481
0.7688442211055277  8.167138460048335
0.778894472361809  8.258099123771185
0.7889447236180904  8.349663969094024
0.7989949748743719  8.441832996016855
0.8090452261306533  8.534606204539676
0.8190954773869348  8.627983594662489
0.829145728643216  8.721965166385292
0.8391959798994975  8.816550919708082
0.8492462311557789  8.911740854630867
0.8592964824120604  9.007534971153646
0.8693467336683418  9.103933269276414
0.879396984924623  9.200935748999173
0.8894472361809045  9.298542410321922
0.8994974874371859  9.396753253244665
0.9095477386934674  9.495568277767394
0.9195979899497488  9.594987483890122
0.9296482412060301  9.695010871612833
0.9396984924623115  9.79563844093554
0.949748743718593  9.896870191858238
0.9597989949748744  9.998706124380924
0.9698492462311559  10.101146238503606
0.9798994974874373  10.204190534226273
0.9899497487437185  10.307839011548934
1.0  10.412091670471588
