-1.0  2.960810023457041e-07
-0.9899497487437185  2.960810023457041e-07
-0.9798994974874372  2.960810023457041e-07
-0.9698492462311558  2.960810023457041e-07
-0.9597989949748744  2.960810023457041e-07
-0.949748743718593  2.960810023457041e-07
-0.9396984924623115  2.960810023457041e-07
-0.9296482412060302  2.960810023457041e-07
-0.9195979899497487  2.960810023457041e-07
-0.9095477386934674  2.960810023457041e-07
-0.8994974874371859  2.960810023457041e-07
-0.8894472361809045  2.960810023457041e-07
-0.8793969849246231  2.960810023457041e-07
-0.8693467336683417  2.960810023457041e-07
-0.8592964824120604  2.960810023457041e-07
-0.8492462311557789  2.960810023457041e-07
-0.8391959798994975  2.960810023457041e-07
-0.8291457286432161  2.960810023457041e-07
-0.8190954773869347  2.960810023457041e-07
-0.8090452261306533  2.960810023457041e-07
-0.7989949748743719  2.960810023457041e-07
-0.7889447236180904  2.960810023457041e-07
-0.778894472361809  2.960810023457041e-07
-0.7688442211055276  2.960810023457041e-07
-0.7587939698492463  2.960810023457041e-07
-0.7487437185929648  2.960810023457041e-07
-0.7386934673366834  2.960810023457041e-07
-0.728643216080402  2.960810023457041e-07
-0.7185929648241206  2.960810023457041e-07
-0.7085427135678393  2.960810023457041e-07
-0.6984924623115578  2.960810023457041e-07
-0.6884422110552764  2.960810023457041e-07
-0.6783919597989949  2.960810023457041e-07
-0.6683417085427136  2.960810023457041e-07
-0.6582914572864322  2.960810023457041e-07
-0.6482412060301508  2.960810023457041e-07
-0.6381909547738693  2.960810023457041e-07
-0.6281407035175879  2.960810023457041e-07
-0.6180904522613065  2.960810023457041e-07
-0.6080402010050251  2.960810023457041e-07
-0.5979899497487438  2.960810023457041e-07
-0.5879396984924623  2.960810023457041e-07
-0.5778894472361809  2.960810023457041e-07
-0.5678391959798995  2.960810023457041e-07
-0.5577889447236181  2.960810023457041e-07
-0.5477386934673367  2.960810023457041e-07
-0.5376884422110553  2.960810023457041e-07
-0.5276381909547738  2.960810023457041e-07
-0.5175879396984925  2.960810023457041e-07
-0.507537688442211  2.960810023457041e-07
-0.4974874371859297  2.960810023457041e-07
-0.48743718592964824  2.960810023457041e-07
-0.4773869346733668  2.960810023457041e-07
-0.46733668341708545  2.960810023457041e-07
-0.457286432160804  2.960810023457041e-07
-0.44723618090452255  2.960810023457041e-07
-0.4371859296482412  2.960810023457041e-07
-0.42713567839195976  2.960810023457041e-07
-0.4170854271356784  2.960810023457041e-07
-0.40703517587939697  2.960810023457041e-07
-0.3969849246231155  2.960810023457041e-07
-0.3869346733668342  2.960810023457041e-07
-0.37688442211055273  2.960810023457041e-07
-0.3668341708542714  2.960810023457041e-07
-0.35678391959798994  2.960810023457041e-07
-0.3467336683417085  2.960810023457041e-07
-0.33668341708542715  2.960810023457041e-07
-0.3266331658291457  2.960810023457041e-07
-0.31658291457286436  2.960810023457041e-07
-0.3065326633165829  2.960810023457041e-07
-0.29648241206030146  2.960810023457041e-07
-0.2864321608040201  2.960810023457041e-07
-0.27638190954773867  2.960810023457041e-07
-0.26633165829145733  2.960810023457041e-07
-0.2562814070351759  2.960810023457041e-07
-0.24623115577889443  2.960810023457041e-07
-0.2361809045226131  2.960810023457041e-07
-0.22613065326633164  2.960810023457041e-07
-0.2160804020100502  2.960810023457041e-07
-0.20603015075376885  2.960810023457041e-07
-0.1959798994974874  2.960810023457041e-07
-0.18592964824120606  2.960810023457041e-07
-0.1758793969849246  2.960810023457041e-07
-0.16582914572864316  2.960810023457041e-07
-0.15577889447236182  2.960810023457041e-07
-0.14572864321608037  2.960810023457041e-07
-0.13567839195979903  2.960810023457041e-07
-0.12562814070351758  2.960810023457041e-07
-0.11557788944723613  2.960810023457041e-07
-0.10552763819095479  2.960810023457041e-07
-0.09547738693467334  2.960810023457041e-07
-0.085427135678392  2.960810023457041e-07
-0.07537688442211055  2.960810023457041e-07
-0.0653266331658291  2.960810023457041e-07
-0.055276381909547756  2.960810023457041e-07
-0.045226130653266305  2.960810023457041e-07
-0.035175879396984966  2.960810023457041e-07
-0.025125628140703515  2.960810023457041e-07
-0.015075376884422065  2.960810023457041e-07
-0.005025125628140725  2.960810023457041e-07
0.005025125628140614  2.960810023457041e-07
0.015075376884422065  2.960810023457041e-07
0.025125628140703515  2.960810023457041e-07
0.035175879396984966  2.960810023457041e-07
0.045226130653266416  2.960810023457041e-07
0.055276381909547645  2.960810023457041e-07
0.0653266331658291  2.960810023457041e-07
0.07537688442211055  2.960810023457041e-07
0.085427135678392  2.960810023457041e-07
0.09547738693467345  2.960810023457041e-07
0.1055276381909549  2.960810023457041e-07
0.11557788944723613  2.960810023457041e-07
0.12562814070351758  2.960810023457041e-07
0.13567839195979903  2.960810023457041e-07
0.14572864321608048  2.960810023457041e-07
0.15577889447236193  2.960810023457041e-07
0.16582914572864316  2.960810023457041e-07
0.1758793969849246  2.960810023457041e-07
0.18592964824120606  2.960810023457041e-07
0.1959798994974875  2.960810023457041e-07
0.20603015075376896  2.960810023457041e-07
0.2160804020100502  2.960810023457041e-07
0.22613065326633164  2.960810023457041e-07
0.2361809045226131  2.960810023457041e-07
0.24623115577889454  2.960810023457041e-07
0.256281407035176  2.960810023457041e-07
0.2663316582914572  2.960810023457041e-07
0.27638190954773867  2.960810023457041e-07
0.2864321608040201  2.960810023457041e-07
0.29648241206030157  2.960810023457041e-07
0.306532663316583  2.960810023457041e-07
0.31658291457286425  2.960810023457041e-07
0.3266331658291457  2.960810023457041e-07
0.33668341708542715  2.960810023457041e-07
0.3467336683417086  2.960810023457041e-07
0.35678391959799005  2.960810023457041e-07
0.3668341708542713  2.960810023457041e-07
0.37688442211055273  2.960810023457041e-07
0.3869346733668342  2.960810023457041e-07
0.39698492462311563  2.960810023457041e-07
0.4070351758793971  2.960810023457041e-07
0.4170854271356783  2.960810023457041e-07
0.42713567839195976  2.960810023457041e-07
0.4371859296482412  2.960810023457041e-07
0.44723618090452266  2.960810023457041e-07
0.4572864321608041  2.960810023457041e-07
0.46733668341708534  2.960810023457041e-07
0.4773869346733668  2.960810023457041e-07
0.48743718592964824  2.960810023457041e-07
0.4974874371859297  2.960810023457041e-07
0.5075376884422111  2.960810023457041e-07
0.5175879396984926  2.960810023457041e-07
0.5276381909547738  2.960810023457041e-07
0.5376884422110553  2.960810023457041e-07
0.5477386934673367  2.960810023457041e-07
0.5577889447236182  2.960810023457041e-07
0.5678391959798996  2.960810023457041e-07
0.5778894472361809  2.960810023457041e-07
0.5879396984924623  2.960810023457041e-07
0.5979899497487438  2.960810023457041e-07
0.6080402010050252  2.960810023457041e-07
0.6180904522613067  2.960810023457041e-07
0.6281407035175879  2.960810023457041e-07
0.6381909547738693  2.960810023457041e-07
0.6482412060301508  2.960810023457041e-07
0.6582914572864322  2.960810023457041e-07
0.6683417085427137  2.960810023457041e-07
0.6783919597989949  2.960810023457041e-07
0.6884422110552764  2.960810023457041e-07
0.6984924623115578  2.960810023457041e-07
0.7085427135678393  2.960810023457041e-07
0.7185929648241207  2.960810023457041e-07
0.728643216080402  2.960810023457041e-07
0.7386934673366834  2.960810023457041e-07
0.7487437185929648  2.960810023457041e-07
0.7587939698492463  2.960810023457041e-07
0.7688442211055277  2.960810023457041e-07
0.778894472361809  2.960810023457041e-07
0.7889447236180904  2.960810023457041e-07
0.7989949748743719  2.960810023457041e-07
0.8090452261306533  2.960810023457041e-07
0.8190954773869348  2.960810023457041e-07
0.829145728643216  2.960810023457041e-07
0.8391959798994975  2.960810023457041e-07
0.8492462311557789  2.960810023457041e-07
0.8592964824120604  2.960810023457041e-07
0.8693467336683418  2.960810023457041e-07
0.879396984924623  2.960810023457041e-07
0.8894472361809045  2.960810023457041e-07
0.8994974874371859  2.960810023457041e-07
0.9095477386934674  2.960810023457041e-07
0.9195979899497488  2.960810023457041e-07
0.9296482412060301  2.960810023457041e-07
0.9396984924623115  2.960810023457041e-07
0.949748743718593  2.960810023457041e-07
0.9597989949748744  2.960810023457041e-07
0.9698492462311559  2.960810023457041e-07
0.9798994974874373  2.960810023457041e-07
0.9899497487437185  2.960810023457041e-07
1.0  2.960810023457041e-07
