-1.0  -3.5154427600545
-0.9899497487437185  -3.480094634993867
-0.9798994974874372  -3.4447254763118726
-0.9698492462311558  -3.4093352840085185
-0.9597989949748744  -3.3739240580838
-0.949748743718593  -3.3384917985377234
-0.9396984924623115  -3.3030385053702838
-0.9296482412060302  -3.2675641785814835
-0.9195979899497487  -3.232068818171322
-0.9095477386934674  -3.196552424139799
-0.8994974874371859  -3.1610149964869163
-0.8894472361809045  -3.1254565352126695
-0.8793969849246231  -3.089877040317064
-0.8693467336683417  -3.0542765118000967
-0.8592964824120604  -3.0186549496617676
-0.8492462311557789  -2.983012353902077
-0.8391959798994975  -2.9473487245210257
-0.8291457286432161  -2.9116640615186142
-0.8190954773869347  -2.875958364894839
-0.8090452261306533  -2.840231634649705
-0.7989949748743719  -2.804483870783209
-0.7889447236180904  -2.768715073295352
-0.778894472361809  -2.7329252421861328
-0.7688442211055276  -2.697114377455553
-0.7587939698492463  -2.661282479103613
-0.7487437185929648  -2.6254295471303095
-0.7386934673366834  -2.589555581535647
-0.728643216080402  -2.5536605823196226
-0.7185929648241206  -2.517744549482236
-0.7085427135678393  -2.4818074830234904
-0.6984924623115578  -2.445849382943381
-0.6884422110552764  -2.409870249241912
-0.6783919597989949  -2.37387008191908
-0.6683417085427136  -2.3378488809748896
-0.6582914572864322  -2.301806646409336
-0.6482412060301508  -2.2657433782224214
-0.6381909547738693  -2.229659076414146
-0.6281407035175879  -2.193553740984509
-0.6180904522613065  -2.1574273719335118
-0.6080402010050251  -2.1212799692611517
-0.5979899497487438  -2.085111532967432
-0.5879396984924623  -2.04892206305235
-0.5778894472361809  -2.012711559515907
-0.5678391959798995  -1.9764800223581027
-0.5577889447236181  -1.940227451578937
-0.5477386934673367  -1.9039538471784119
-0.5376884422110553  -1.867659209156524
-0.5276381909547738  -1.8313435375132747
-0.5175879396984925  -1.795006832248665
-0.507537688442211  -1.7586490933626933
-0.4974874371859297  -1.7222703208553614
-0.48743718592964824  -1.6858705147266668
-0.4773869346733668  -1.6494496749766125
-0.46733668341708545  -1.613007801605196
-0.457286432160804  -1.5765448946124185
-0.44723618090452255  -1.5400609539982797
-0.4371859296482412  -1.5035559797627798
-0.42713567839195976  -1.4670299719059186
-0.4170854271356784  -1.4304829304276967
-0.40703517587939697  -1.393914855328113
-0.3969849246231155  -1.357325746607168
-0.3869346733668342  -1.3207156042648625
-0.37688442211055273  -1.2840844283011956
-0.3668341708542714  -1.2474322187161668
-0.35678391959798994  -1.2107589755097772
-0.3467336683417085  -1.1740646986820262
-0.33668341708542715  -1.1373493882329144
-0.3266331658291457  -1.100613044162441
-0.31658291457286436  -1.0638556664706071
-0.3065326633165829  -1.0270772551574112
-0.29648241206030146  -0.9902778102228543
-0.2864321608040201  -0.9534573316669365
-0.27638190954773867  -0.9166158194896571
-0.26633165829145733  -0.8797532736910169
-0.2562814070351759  -0.8428696942710151
-0.24623115577889443  -0.8059650812296519
-0.2361809045226131  -0.7690394345669277
-0.22613065326633164  -0.7320927542828422
-0.2160804020100502  -0.6951250403773952
-0.20603015075376885  -0.658136292850588
-0.1959798994974874  -0.621126511702419
-0.18592964824120606  -0.5840956969328891
-0.1758793969849246  -0.5470438485419974
-0.16582914572864316  -0.5099709665297446
-0.15577889447236182  -0.4728770508961308
-0.14572864321608037  -0.4357621016411553
-0.13567839195979903  -0.39862611876481957
-0.12562814070351758  -0.3614691022671217
-0.11557788944723613  -0.3242910521480629
-0.10552763819095479  -0.28709196840764345
-0.09547738693467334  -0.249871851045862
-0.085427135678392  -0.21263070006271997
-0.07537688442211055  -0.17536851545821644
-0.0653266331658291  -0.13808529723235152
-0.055276381909547756  -0.10078104538512583
-0.045226130653266305  -0.0634557599165384
-0.035175879396984966  -0.026109440826589662
-0.025125628140703515  0.011257911884720046
-0.015075376884422065  0.04864629821739106
-0.005025125628140725  0.08605571817142282
0.005025125628140614  0.12348617174681567
0.015075376884422065  0.16093765894357037
0.025125628140703515  0.1984101797616863
0.035175879396984966  0.23590373420116337
0.045226130653266416  0.27341832226200163
0.055276381909547645  0.31095394394420045
0.0653266331658291  0.34851059924776157
0.07537688442211055  0.3860882881726834
0.085427135678392  0.4236870107189665
0.09547738693467345  0.4613067668866111
0.1055276381909549  0.49894755667561674
0.11557788944723613  0.5366093800859824
0.12562814070351758  0.5742922371177104
0.13567839195979903  0.6119961277707996
0.14572864321608048  0.6497210520452503
0.15577889447236193  0.6874670099410617
0.16582914572864316  0.725234001458234
0.1758793969849246  0.7630220265967682
0.18592964824120606  0.8008310853566636
0.1959798994974875  0.8386611777379201
0.20603015075376896  0.8765123037405381
0.2160804020100502  0.914384463364516
0.22613065326633164  0.952277656609856
0.2361809045226131  0.9901918834765573
0.24623115577889454  1.02812714396462
0.256281407035176  1.0660834380740438
0.2663316582914572  1.104060765804828
0.27638190954773867  1.1420591271569749
0.2864321608040201  1.1800785221304824
0.29648241206030157  1.218118950725351
0.306532663316583  1.2561804129415806
0.31658291457286425  1.2942629087791706
0.3266331658291457  1.332366438238123
0.33668341708542715  1.3704910013184366
0.3467336683417086  1.4086365980201114
0.35678391959799005  1.4468032283431473
0.3668341708542713  1.484990892287544
0.37688442211055273  1.5231995898533026
0.3869346733668342  1.5614293210404222
0.39698492462311563  1.5996800858489029
0.4070351758793971  1.637951884278745
0.4170854271356783  1.6762447163299474
0.42713567839195976  1.714558582002512
0.4371859296482412  1.7528934812964376
0.44723618090452266  1.7912494142117241
0.4572864321608041  1.8296263807483726
0.46733668341708534  1.8680243809063808
0.4773869346733668  1.9064434146857525
0.48743718592964824  1.944883482086483
0.4974874371859297  1.9833445831085768
0.5075376884422111  2.0218267177520306
0.5175879396984926  2.060329886016847
0.5276381909547738  2.0988540879030224
0.5376884422110553  2.13739932341056
0.5477386934673367  2.175965592539459
0.5577889447236182  2.21455289528972
0.5678391959798996  2.253161231661341
0.5778894472361809  2.2917906016543226
0.5879396984924623  2.3304410052686664
0.5979899497487438  2.369112442504372
0.6080402010050252  2.407804913361438
0.6180904522613067  2.4465184178398656
0.6281407035175879  2.4852529559396532
0.6381909547738693  2.5240085276608033
0.6482412060301508  2.562785133003315
0.6582914572864322  2.601582771967187
0.6683417085427137  2.640401444552421
0.6783919597989949  2.679241150759015
0.6884422110552764  2.718101890586972
0.6984924623115578  2.756983664036288
0.7085427135678393  2.7958864711069675
0.7185929648241207  2.8348103117990067
0.728643216080402  2.8737551861124073
0.7386934673366834  2.9127210940471686
0.7487437185929648  2.951708035603291
0.7587939698492463  2.9907160107807766
0.7688442211055277  3.0297450195796216
0.778894472361809  3.068795061999829
0.7889447236180904  3.107866138041397
0.7989949748743719  3.1469582477043265
0.8090452261306533  3.186071390988617
0.8190954773869348  3.2252055678942693
0.829145728643216  3.2643607784212825
0.8391959798994975  3.3035370225696554
0.8492462311557789  3.342734300339391
0.8592964824120604  3.3819526117304872
0.8693467336683418  3.421191956742945
0.879396984924623  3.460452335376764
0.8894472361809045  3.4997337476319443
0.8994974874371859  3.5390361935084864
0.9095477386934674  3.5783596730063882
0.9195979899497488  3.6177041861256534
0.9296482412060301  3.657069732866278
0.9396984924623115  3.696456313228264
0.949748743718593  3.735863927211612
0.9597989949748744  3.7752925748163197
0.9698492462311559  3.814742256042391
0.9798994974874373  3.854212970889821
0.9899497487437185  3.893704719358613
1.0  3.9332175014487674
