-1.0  3.968296711593066
-0.9899497487437185  3.9286977222319095
-0.9798994974874372  3.889569512833473
-0.9698492462311558  3.850912083397759
-0.9597989949748744  3.8127254339247614
-0.949748743718593  3.7750095644144874
-0.9396984924623115  3.7377644748669314
-0.9296482412060302  3.7009901652820965
-0.9195979899497487  3.664686635659981
-0.9095477386934674  3.6288538860005852
-0.8994974874371859  3.593491916303912
-0.8894472361809045  3.5586007265699564
-0.8793969849246231  3.5241803167987222
-0.8693467336683417  3.4902306869902078
-0.8592964824120604  3.456751837144413
-0.8492462311557789  3.4237437672613393
-0.8391959798994975  3.391206477340986
-0.8291457286432161  3.359139967383352
-0.8190954773869347  3.327544237388437
-0.8090452261306533  3.2964192873562452
-0.7989949748743719  3.265765117286771
-0.7889447236180904  3.2355817271800182
-0.778894472361809  3.2058691170359848
-0.7688442211055276  3.176627286854671
-0.7587939698492463  3.1478562366360796
-0.7487437185929648  3.1195559663802057
-0.7386934673366834  3.0917264760870538
-0.728643216080402  3.064367765756622
-0.7185929648241206  3.037479835388909
-0.7085427135678393  3.0110626849839175
-0.6984924623115578  2.985116314541645
-0.6884422110552764  2.9596407240620937
-0.6783919597989949  2.9346359135452604
-0.6683417085427136  2.91010188299115
-0.6582914572864322  2.886038632399758
-0.6482412060301508  2.862446161771087
-0.6381909547738693  2.8393244711051353
-0.6281407035175879  2.8166735604019038
-0.6180904522613065  2.794493429661394
-0.6080402010050251  2.772784078883602
-0.5979899497487438  2.7515455080685323
-0.5879396984924623  2.7307777172161813
-0.5778894472361809  2.710480706326551
-0.5678391959798995  2.6906544753996404
-0.5577889447236181  2.6712990244354504
-0.5477386934673367  2.6524143534339815
-0.5376884422110553  2.634000462395231
-0.5276381909547738  2.616057351319202
-0.5175879396984925  2.598585020205892
-0.507537688442211  2.581583469055303
-0.4974874371859297  2.5650526978674337
-0.48743718592964824  2.5489927066422835
-0.4773869346733668  2.5334034953798557
-0.46733668341708545  2.518285064080146
-0.457286432160804  2.5036374127431578
-0.44723618090452255  2.4894605413688886
-0.4371859296482412  2.4757544499573405
-0.42713567839195976  2.4625191385085117
-0.4170854271356784  2.449754607022404
-0.40703517587939697  2.437460855499016
-0.3969849246231155  2.425637883938348
-0.3869346733668342  2.4142856923404006
-0.37688442211055273  2.403404280705173
-0.3668341708542714  2.3929936490326646
-0.35678391959798994  2.3830537973228774
-0.3467336683417085  2.3735847255758102
-0.33668341708542715  2.3645864337914633
-0.3266331658291457  2.3560589219698365
-0.31658291457286436  2.3480021901109294
-0.3065326633165829  2.3404162382147433
-0.29648241206030146  2.3333010662812765
-0.2864321608040201  2.32665667431053
-0.27638190954773867  2.320483062302504
-0.26633165829145733  2.3147802302571976
-0.2562814070351759  2.309548178174612
-0.24623115577889443  2.3047869060547463
-0.2361809045226131  2.3004964138976
-0.22613065326633164  2.296676701703175
-0.2160804020100502  2.2933277694714693
-0.20603015075376885  2.290449617202484
-0.1959798994974874  2.288042244896219
-0.18592964824120606  2.2861056525526737
-0.1758793969849246  2.284639840171849
-0.16582914572864316  2.283644807753744
-0.15577889447236182  2.283120555298359
-0.14572864321608037  2.2830670828056947
-0.13567839195979903  2.283484390275751
-0.12562814070351758  2.284372477708527
-0.11557788944723613  2.2857313451040224
-0.10552763819095479  2.2875609924622387
-0.09547738693467334  2.289861419783175
-0.085427135678392  2.292632627066831
-0.07537688442211055  2.2958746143132074
-0.0653266331658291  2.2995873815223042
-0.055276381909547756  2.3037709286941213
-0.045226130653266305  2.3084252558286575
-0.035175879396984966  2.3135503629259153
-0.025125628140703515  2.3191462499858924
-0.015075376884422065  2.3252129170085896
-0.005025125628140725  2.331750363994007
0.005025125628140614  2.3387585909421444
0.015075376884422065  2.346237597853002
0.025125628140703515  2.35418738472658
0.035175879396984966  2.362607951562878
0.045226130653266416  2.371499298361896
0.055276381909547645  2.380861425123634
0.0653266331658291  2.390694331848093
0.07537688442211055  2.4009980185352715
0.085427135678392  2.4117724851851703
0.09547738693467345  2.423017731797789
0.1055276381909549  2.434733758373128
0.11557788944723613  2.446920564911187
0.12562814070351758  2.459578151411966
0.13567839195979903  2.4727065178754657
0.14572864321608048  2.486305664301685
0.15577889447236193  2.5003755906906244
0.16582914572864316  2.5149162970422845
0.1758793969849246  2.5299277833566647
0.18592964824120606  2.5454100496337646
0.1959798994974875  2.561363095873585
0.20603015075376896  2.5777869220761254
0.2160804020100502  2.5946815282413853
0.22613065326633164  2.6120469143693663
0.2361809045226131  2.629883080460067
0.24623115577889454  2.6481900265134883
0.256281407035176  2.6669677525296285
0.2663316582914572  2.68621625850849
0.27638190954773867  2.7059355444500715
0.2864321608040201  2.726125610354373
0.29648241206030157  2.7467864562213946
0.306532663316583  2.7679180820511364
0.31658291457286425  2.789520487843598
0.3266331658291457  2.8115936735987797
0.33668341708542715  2.834137639316682
0.3467336683417086  2.8571523849973044
0.35678391959799005  2.880637910640647
0.3668341708542713  2.9045942162467093
0.37688442211055273  2.929021301815492
0.3869346733668342  2.9539191673469944
0.39698492462311563  2.9792878128412177
0.4070351758793971  3.005127238298161
0.4170854271356783  3.0314374437178233
0.42713567839195976  3.058218429100207
0.4371859296482412  3.085470194445311
0.44723618090452266  3.1131927397531345
0.4572864321608041  3.1413860650236782
0.46733668341708534  3.1700501702569412
0.4773869346733668  3.199185055452927
0.48743718592964824  3.2287907206116304
0.4974874371859297  3.2588671657330557
0.5075376884422111  3.2894143908171993
0.5175879396984926  3.320432395864065
0.5276381909547738  3.3519211808736484
0.5376884422110553  3.3838807458459534
0.5477386934673367  3.4163110907809786
0.5577889447236182  3.449212215678725
0.5678391959798996  3.4825841205391903
0.5778894472361809  3.516426805362374
0.5879396984924623  3.5507402701482795
0.5979899497487438  3.585524514896906
0.6080402010050252  3.6207795396082516
0.6180904522613067  3.6565053442823183
0.6281407035175879  3.6927019289191025
0.6381909547738693  3.72936929351861
0.6482412060301508  3.766507438080836
0.6582914572864322  3.804116362605783
0.6683417085427137  3.84219606709345
0.6783919597989949  3.8807465515438353
0.6884422110552764  3.919767815956944
0.6984924623115578  3.9592598603327698
0.7085427135678393  3.9992226846713193
0.7185929648241207  4.039656288972585
0.728643216080402  4.0805606732365725
0.7386934673366834  4.12193583746328
0.7487437185929648  4.163781781652707
0.7587939698492463  4.206098505804856
0.7688442211055277  4.2488860099197225
0.778894472361809  4.292144293997311
0.7889447236180904  4.33587335803762
0.7989949748743719  4.3800732020406485
0.8090452261306533  4.424743826006398
0.8190954773869348  4.469885229934866
0.829145728643216  4.515497413826056
0.8391959798994975  4.561580377679962
0.8492462311557789  4.608134121496592
0.8592964824120604  4.655158645275942
0.8693467336683418  4.7026539490180115
0.879396984924623  4.750620032722801
0.8894472361809045  4.79905689639031
0.8994974874371859  4.847964540020541
0.9095477386934674  4.8973429636134895
0.9195979899497488  4.947192167169162
0.9296482412060301  4.997512150687551
0.9396984924623115  5.048302914168661
0.949748743718593  5.099564457612493
0.9597989949748744  5.151296781019042
0.9698492462311559  5.2034998843883145
0.9798994974874373  5.256173767720304
0.9899497487437185  5.309318431015015
1.0  5.362933874272446
