-1.0  1.115939998669371
-0.9899497487437185  1.1048155650943035
-0.9798994974874372  1.0938034995351453
-0.9698492462311558  1.082903801991898
-0.9597989949748744  1.072116472464559
-0.949748743718593  1.061441510953131
-0.9396984924623115  1.050878917457612
-0.9296482412060302  1.0404286919780033
-0.9195979899497487  1.030090834514304
-0.9095477386934674  1.0198653450665145
-0.8994974874371859  1.0097522236346352
-0.8894472361809045  0.9997514702186651
-0.8793969849246231  0.9898630848186052
-0.8693467336683417  0.9800870674344548
-0.8592964824120604  0.9704234180662141
-0.8492462311557789  0.9608721367138834
-0.8391959798994975  0.9514332233774624
-0.8291457286432161  0.9421066780569515
-0.8190954773869347  0.9328925007523498
-0.8090452261306533  0.9237906914636583
-0.7989949748743719  0.9148012501908763
-0.7889447236180904  0.9059241769340043
-0.778894472361809  0.8971594716930418
-0.7688442211055276  0.8885071344679891
-0.7587939698492463  0.8799671652588467
-0.7487437185929648  0.8715395640656133
-0.7386934673366834  0.8632243308882903
-0.728643216080402  0.8550214657268769
-0.7185929648241206  0.8469309685813732
-0.7085427135678393  0.8389528394517795
-0.6984924623115578  0.831087078338095
-0.6884422110552764  0.8233336852403208
-0.6783919597989949  0.8156926601584559
-0.6683417085427136  0.8081640030925012
-0.6582914572864322  0.800747714042456
-0.6482412060301508  0.7934437930083209
-0.6381909547738693  0.7862522399900953
-0.6281407035175879  0.7791730549877796
-0.6180904522613065  0.7722062380013738
-0.6080402010050251  0.7653517890308774
-0.5979899497487438  0.7586097080762911
-0.5879396984924623  0.7519799951376145
-0.5778894472361809  0.7454626502148475
-0.5678391959798995  0.7390576733079903
-0.5577889447236181  0.732765064417043
-0.5477386934673367  0.7265848235420057
-0.5376884422110553  0.7205169506828778
-0.5276381909547738  0.7145614458396599
-0.5175879396984925  0.7087183090123517
-0.507537688442211  0.7029875402009532
-0.4974874371859297  0.6973691394054646
-0.48743718592964824  0.6918631066258856
-0.4773869346733668  0.6864694418622166
-0.46733668341708545  0.6811881451144571
-0.457286432160804  0.6760192163826074
-0.44723618090452255  0.6709626556666678
-0.4371859296482412  0.6660184629666376
-0.42713567839195976  0.6611866382825172
-0.4170854271356784  0.6564671816143068
-0.40703517587939697  0.6518600929620062
-0.3969849246231155  0.6473653723256152
-0.3869346733668342  0.642983019705134
-0.37688442211055273  0.6387130351005627
-0.3668341708542714  0.634555418511901
-0.35678391959798994  0.6305101699391492
-0.3467336683417085  0.6265772893823071
-0.33668341708542715  0.6227567768413749
-0.3266331658291457  0.6190486323163523
-0.31658291457286436  0.6154528558072396
-0.3065326633165829  0.6119694473140366
-0.29648241206030146  0.6085984068367434
-0.2864321608040201  0.60533973437536
-0.27638190954773867  0.6021934299298863
-0.26633165829145733  0.5991594935003225
-0.2562814070351759  0.5962379250866682
-0.24623115577889443  0.593428724688924
-0.2361809045226131  0.5907318923070892
-0.22613065326633164  0.5881474279411644
-0.2160804020100502  0.5856753315911494
-0.20603015075376885  0.5833156032570441
-0.1959798994974874  0.5810682429388487
-0.18592964824120606  0.578933250636563
-0.1758793969849246  0.5769106263501871
-0.16582914572864316  0.5750003700797209
-0.15577889447236182  0.5732024818251645
-0.14572864321608037  0.5715169615865179
-0.13567839195979903  0.5699438093637811
-0.12562814070351758  0.568483025156954
-0.11557788944723613  0.5671346089660367
-0.10552763819095479  0.5658985607910293
-0.09547738693467334  0.5647748806319315
-0.085427135678392  0.5637635684887435
-0.07537688442211055  0.5628646243614653
-0.0653266331658291  0.562078048250097
-0.055276381909547756  0.5614038401546383
-0.045226130653266305  0.5608420000750894
-0.035175879396984966  0.5603925280114503
-0.025125628140703515  0.5600554239637211
-0.015075376884422065  0.5598306879319015
-0.005025125628140725  0.5597183199159917
0.005025125628140614  0.5597183199159917
0.015075376884422065  0.5598306879319015
0.025125628140703515  0.5600554239637211
0.035175879396984966  0.5603925280114503
0.045226130653266416  0.5608420000750894
0.055276381909547645  0.5614038401546383
0.0653266331658291  0.562078048250097
0.07537688442211055  0.5628646243614653
0.085427135678392  0.5637635684887435
0.09547738693467345  0.5647748806319315
0.1055276381909549  0.5658985607910293
0.11557788944723613  0.5671346089660367
0.12562814070351758  0.568483025156954
0.13567839195979903  0.5699438093637811
0.14572864321608048  0.5715169615865179
0.15577889447236193  0.5732024818251645
0.16582914572864316  0.5750003700797209
0.1758793969849246  0.5769106263501871
0.18592964824120606  0.578933250636563
0.1959798994974875  0.5810682429388487
0.20603015075376896  0.5833156032570442
0.2160804020100502  0.5856753315911494
0.22613065326633164  0.5881474279411644
0.2361809045226131  0.5907318923070892
0.24623115577889454  0.593428724688924
0.256281407035176  0.5962379250866682
0.2663316582914572  0.5991594935003223
0.27638190954773867  0.6021934299298863
0.2864321608040201  0.60533973437536
0.29648241206030157  0.6085984068367435
0.306532663316583  0.6119694473140366
0.31658291457286425  0.6154528558072395
0.3266331658291457  0.6190486323163523
0.33668341708542715  0.6227567768413749
0.3467336683417086  0.6265772893823072
0.35678391959799005  0.6305101699391492
0.3668341708542713  0.634555418511901
0.37688442211055273  0.6387130351005627
0.3869346733668342  0.642983019705134
0.39698492462311563  0.6473653723256152
0.4070351758793971  0.6518600929620062
0.4170854271356783  0.6564671816143067
0.42713567839195976  0.6611866382825172
0.4371859296482412  0.6660184629666376
0.44723618090452266  0.6709626556666676
0.4572864321608041  0.6760192163826074
0.46733668341708534  0.6811881451144569
0.4773869346733668  0.6864694418622166
0.48743718592964824  0.6918631066258856
0.4974874371859297  0.6973691394054646
0.5075376884422111  0.7029875402009531
0.5175879396984926  0.7087183090123519
0.5276381909547738  0.7145614458396599
0.5376884422110553  0.7205169506828778
0.5477386934673367  0.7265848235420057
0.5577889447236182  0.7327650644170434
0.5678391959798996  0.7390576733079908
0.5778894472361809  0.7454626502148475
0.5879396984924623  0.7519799951376145
0.5979899497487438  0.7586097080762911
0.6080402010050252  0.7653517890308776
0.6180904522613067  0.7722062380013738
0.6281407035175879  0.7791730549877796
0.6381909547738693  0.7862522399900953
0.6482412060301508  0.7934437930083209
0.6582914572864322  0.800747714042456
0.6683417085427137  0.8081640030925012
0.6783919597989949  0.8156926601584559
0.6884422110552764  0.8233336852403208
0.6984924623115578  0.831087078338095
0.7085427135678393  0.8389528394517795
0.7185929648241207  0.8469309685813731
0.728643216080402  0.8550214657268769
0.7386934673366834  0.8632243308882903
0.7487437185929648  0.8715395640656133
0.7587939698492463  0.8799671652588467
0.7688442211055277  0.8885071344679891
0.778894472361809  0.8971594716930418
0.7889447236180904  0.9059241769340043
0.7989949748743719  0.9148012501908763
0.8090452261306533  0.9237906914636583
0.8190954773869348  0.93289250075235
0.829145728643216  0.9421066780569515
0.8391959798994975  0.9514332233774624
0.8492462311557789  0.9608721367138834
0.8592964824120604  0.9704234180662141
0.8693467336683418  0.9800870674344548
0.879396984924623  0.9898630848186052
0.8894472361809045  0.9997514702186651
0.8994974874371859  1.0097522236346352
0.9095477386934674  1.0198653450665145
0.9195979899497488  1.0300908345143043
0.9296482412060301  1.0404286919780033
0.9396984924623115  1.050878917457612
0.949748743718593  1.061441510953131
0.9597989949748744  1.072116472464559
0.9698492462311559  1.082903801991898
0.9798994974874373  1.0938034995351453
0.9899497487437185  1.1048155650943035
1.0  1.115939998669371
