 m,M ->b,B
x-axis: "Sqrt(S)"  from 10.000000 to 4000.000000 N_points= 200
Cross Section [pb]
1.000000E+01 1.197772E+02
3.005025E+01 3.730856E+01
5.010050E+01 1.669471E+01
7.015075E+01 2.884870E+01
9.020101E+01 5.307728E+03
1.102513E+02 4.877455E+01
1.303015E+02 1.481639E+01
1.503518E+02 7.821221E+00
1.704020E+02 5.046563E+00
1.904523E+02 3.603535E+00
2.105025E+02 2.734479E+00
2.305528E+02 2.161114E+00
2.506030E+02 1.758640E+00
2.706533E+02 1.463155E+00
2.907035E+02 1.238702E+00
3.107538E+02 1.063578E+00
3.308040E+02 9.239504E-01
3.508543E+02 8.106099E-01
3.709045E+02 7.172077E-01
3.909548E+02 6.392350E-01
4.110050E+02 5.734098E-01
4.310553E+02 5.172918E-01
4.511055E+02 4.690326E-01
4.711558E+02 4.272096E-01
4.912060E+02 3.907120E-01
5.112563E+02 3.586613E-01
5.313065E+02 3.303550E-01
5.513568E+02 3.052256E-01
5.714070E+02 2.828098E-01
5.914573E+02 2.627268E-01
6.115075E+02 2.446609E-01
6.315578E+02 2.283482E-01
6.516080E+02 2.135671E-01
6.716583E+02 2.001302E-01
6.917085E+02 1.878780E-01
7.117588E+02 1.766741E-01
7.318090E+02 1.664014E-01
7.518593E+02 1.569587E-01
7.719095E+02 1.482583E-01
7.919598E+02 1.402239E-01
8.120101E+02 1.327886E-01
8.320603E+02 1.258939E-01
8.521106E+02 1.194884E-01
8.721608E+02 1.135263E-01
8.922111E+02 1.079675E-01
9.122613E+02 1.027761E-01
9.323116E+02 9.792010E-02
9.523618E+02 9.337107E-02
9.724121E+02 8.910344E-02
9.924623E+02 8.509427E-02
1.012513E+03 8.132293E-02
1.032563E+03 7.777080E-02
1.052613E+03 7.442105E-02
1.072663E+03 7.125845E-02
1.092714E+03 6.826917E-02
1.112764E+03 6.544065E-02
1.132814E+03 6.276143E-02
1.152864E+03 6.022107E-02
1.172915E+03 5.781002E-02
1.192965E+03 5.551955E-02
1.213015E+03 5.334165E-02
1.233065E+03 5.126896E-02
1.253116E+03 4.929472E-02
1.273166E+03 4.741271E-02
1.293216E+03 4.561719E-02
1.313266E+03 4.390286E-02
1.333317E+03 4.226483E-02
1.353367E+03 4.069857E-02
1.373417E+03 3.919988E-02
1.393467E+03 3.776487E-02
1.413518E+03 3.638992E-02
1.433568E+03 3.507169E-02
1.453618E+03 3.380705E-02
1.473668E+03 3.259309E-02
1.493719E+03 3.142711E-02
1.513769E+03 3.030658E-02
1.533819E+03 2.922913E-02
1.553869E+03 2.819259E-02
1.573920E+03 2.719487E-02
1.593970E+03 2.623406E-02
1.614020E+03 2.530837E-02
1.634070E+03 2.441610E-02
1.654121E+03 2.355568E-02
1.674171E+03 2.272563E-02
1.694221E+03 2.192456E-02
1.714271E+03 2.115118E-02
1.734322E+03 2.040426E-02
1.754372E+03 1.968268E-02
1.774422E+03 1.898535E-02
1.794472E+03 1.831129E-02
1.814523E+03 1.765955E-02
1.834573E+03 1.702925E-02
1.854623E+03 1.641958E-02
1.874673E+03 1.582976E-02
1.894724E+03 1.525910E-02
1.914774E+03 1.470692E-02
1.934824E+03 1.417261E-02
1.954874E+03 1.365559E-02
1.974925E+03 1.315536E-02
1.994975E+03 1.267141E-02
2.015025E+03 1.220333E-02
2.035075E+03 1.175070E-02
2.055126E+03 1.131318E-02
2.075176E+03 1.089045E-02
2.095226E+03 1.048223E-02
2.115276E+03 1.008830E-02
2.135327E+03 9.708476E-03
2.155377E+03 9.342599E-03
2.175427E+03 8.990572E-03
2.195477E+03 8.652340E-03
2.215528E+03 8.327893E-03
2.235578E+03 8.017273E-03
2.255628E+03 7.720574E-03
2.275678E+03 7.437947E-03
2.295729E+03 7.169601E-03
2.315779E+03 6.915810E-03
2.335829E+03 6.676918E-03
2.355879E+03 6.453345E-03
2.375930E+03 6.245591E-03
2.395980E+03 6.054247E-03
2.416030E+03 5.880006E-03
2.436080E+03 5.723669E-03
2.456131E+03 5.586158E-03
2.476181E+03 5.468534E-03
2.496231E+03 5.372010E-03
2.516281E+03 5.297968E-03
2.536332E+03 5.247985E-03
2.556382E+03 5.223859E-03
2.576432E+03 5.227630E-03
2.596482E+03 5.261627E-03
2.616533E+03 5.328496E-03
2.636583E+03 5.431256E-03
2.656633E+03 5.573352E-03
2.676683E+03 5.758716E-03
2.696734E+03 5.991854E-03
2.716784E+03 6.277930E-03
2.736834E+03 6.622881E-03
2.756884E+03 7.033548E-03
2.776935E+03 7.517837E-03
2.796985E+03 8.084910E-03
2.817035E+03 8.745422E-03
2.837085E+03 9.511807E-03
2.857136E+03 1.039863E-02
2.877186E+03 1.142302E-02
2.897236E+03 1.260523E-02
2.917286E+03 1.396930E-02
2.937337E+03 1.554389E-02
2.957387E+03 1.736343E-02
2.977437E+03 1.946947E-02
2.997487E+03 2.191249E-02
3.017538E+03 2.475426E-02
3.037588E+03 2.807090E-02
3.057638E+03 3.195708E-02
3.077688E+03 3.653148E-02
3.097739E+03 4.194446E-02
3.117789E+03 4.838847E-02
3.137839E+03 5.611290E-02
3.157889E+03 6.544506E-02
3.177940E+03 7.682098E-02
3.197990E+03 9.083106E-02
3.218040E+03 1.082897E-01
3.238090E+03 1.303439E-01
3.258141E+03 1.586491E-01
3.278191E+03 1.956611E-01
3.298241E+03 2.451448E-01
3.318291E+03 3.130999E-01
3.338342E+03 4.095466E-01
3.358392E+03 5.522144E-01
3.378442E+03 7.748544E-01
3.398492E+03 1.148174E+00
3.418543E+03 1.841083E+00
3.438593E+03 3.342838E+00
3.458643E+03 7.597519E+00
3.478693E+03 2.943161E+01
3.498744E+03 4.405231E+03
3.518794E+03 4.008434E+01
3.538844E+03 9.687943E+00
3.558894E+03 4.336723E+00
3.578945E+03 2.481359E+00
3.598995E+03 1.621278E+00
3.619045E+03 1.151237E+00
3.639095E+03 8.654455E-01
3.659146E+03 6.781627E-01
3.679196E+03 5.484206E-01
3.699246E+03 4.546016E-01
3.719296E+03 3.844048E-01
3.739347E+03 3.304026E-01
3.759397E+03 2.878893E-01
3.779447E+03 2.537628E-01
3.799497E+03 2.259090E-01
3.819548E+03 2.028456E-01
3.839598E+03 1.835073E-01
3.859648E+03 1.671121E-01
3.879698E+03 1.530749E-01
3.899749E+03 1.409507E-01
3.919799E+03 1.303961E-01
3.939849E+03 1.211422E-01
3.959899E+03 1.129762E-01
3.979950E+03 1.057275E-01
4.000000E+03 9.925832E-02
