10.0  -0.00903421323541321
10.954773869346734  -0.010989013089145289
11.909547738693467  -0.013133444687683932
12.864321608040202  -0.015470247288519316
13.819095477386934  -0.01800247233960043
14.773869346733669  -0.02073347443709912
15.728643216080403  -0.023666908707791933
16.683417085427138  -0.026806732138053985
17.63819095477387  -0.03015720743410838
18.592964824120603  -0.03372290857155603
19.547738693467338  -0.037508727507135645
20.50251256281407  -0.041519881700034435
21.457286432160807  -0.04576192218529032
22.412060301507537  -0.05024074199054536
23.366834170854272  -0.05496258470728186
24.321608040201006  -0.059934053028291974
25.276381909547737  -0.06516211704968396
26.231155778894472  -0.07065412211077245
27.185929648241206  -0.07641779590983788
28.14070351758794  -0.0824612545879916
29.095477386934675  -0.08879300741665784
30.050251256281406  -0.0954219596552696
31.00502512562814  -0.10235741306308611
31.959798994974875  -0.10960906345044076
32.91457286432161  -0.11718699453773945
33.869346733668344  -0.12510166725213342
34.824120603015075  -0.13336390342845889
35.77889447236181  -0.14198486268874808
36.733668341708544  -0.15097601104865327
37.688442211055275  -0.1603490795342332
38.64321608040201  -0.1701160107827247
39.597989949748744  -0.18028889123956512
40.552763819095475  -0.1908798661437668
41.50753768844221  -0.20190103400704065
42.462311557788944  -0.21336431673072412
43.41708542713568  -0.22528130086059495
44.37185929648241  -0.23766304474555344
45.32663316582914  -0.25051984553589257
46.28140703517588  -0.2638609590269579
47.23618090452261  -0.27769426432521566
48.19095477386935  -0.29202586419358945
49.14572864321608  -0.306859610738738
50.10050251256281  -0.3221965448664929
51.05527638190955  -0.33803423670481486
52.01005025125628  -0.35436601305601895
52.96482412060302  -0.3711800570087976
53.91959798994975  -0.3884583642822063
54.87437185929648  -0.40617554091877084
55.82914572864322  -0.4242974279030225
56.78391959798995  -0.44277954056450797
57.73869346733669  -0.4615653147558423
58.69346733668342  -0.48058415843166663
59.64824120603015  -0.4997493171825631
60.60301507537689  -0.5189555764090106
61.55778894472362  -0.5380768421421281
62.51256281407035  -0.556963668005848
63.46733668341709  -0.5754408282759117
64.42211055276383  -0.5933050768153617
65.37688442211055  -0.6103232784709524
66.33165829145729  -0.6262311516664248
67.28643216080403  -0.6407329149620645
68.24120603015075  -0.6535021803499907
69.19597989949749  -0.6641844731300146
70.15075376884423  -0.6724017702917228
71.10552763819095  -0.6777594216081992
72.06030150753769  -0.6798557340555724
73.01507537688443  -0.6782943462273631
73.96984924623115  -0.6726992865694225
74.92462311557789  -0.6627323004187047
75.87939698492463  -0.6481116659123489
76.83417085427136  -0.6286313385684018
77.78894472361809  -0.6041789297713088
78.74371859296483  -0.5747508099065695
79.69849246231156  -0.5404626058846849
80.65326633165829  -0.5015535878776727
81.60804020100502  -0.458383922742898
82.56281407035176  -0.4114244686488075
83.5175879396985  -0.3612395991943602
84.47236180904522  -0.308464340821305
85.42713567839196  -0.2537777431617256
86.3819095477387  -0.1978747660092231
87.33668341708542  -0.14143900434428403
88.29145728643216  -0.08511829884246076
89.2462311557789  -0.029504768558645172
90.20100502512562  0.024879833757961777
91.15577889447236  0.07759318791393444
92.1105527638191  0.12827619478377544
93.06532663316582  0.1766521957738882
94.02010050251256  0.22252257048075072
94.9748743718593  0.26575974074585756
95.92964824120604  0.30629856547519624
96.88442211055276  0.3441269833012399
97.8391959798995  0.37927658943108006
98.79396984924624  0.41181365146817633
99.74874371859296  0.4418308994311034
100.7035175879397  0.46944028087429357
101.65829145728644  0.4947667583978096
102.61306532663316  0.5179431438689163
103.5678391959799  0.5391059080074538
104.52261306532664  0.5583918706865761
105.47738693467338  0.5759356611054967
106.4321608040201  0.5918678330351395
107.38693467336684  0.6063135245201193
108.34170854271358  0.6193915605183077
109.2964824120603  0.6312139085867887
110.25125628140704  0.6418854102147376
111.20603015075378  0.6515037226700763
112.1608040201005  0.660159417612999
113.11557788944724  0.6679361928929926
114.07035175879398  0.6749111627567372
115.0251256281407  0.6811551991585241
115.97989949748744  0.6867333030697098
116.93467336683418  0.6917049897578637
117.88944723618091  0.6961246760926713
118.84422110552764  0.7000420611704684
119.79899497487438  0.7035024940346482
120.75376884422111  0.7065473239911292
121.70854271356784  0.7092142294385149
122.66331658291458  0.7115375162985107
123.61809045226131  0.7135483264466841
124.57286432160804  0.7152733736739733
125.52763819095478  0.7167371447979981
126.48241206030151  0.7179794938105418
127.43718592964825  0.7190019803756709
128.39195979899498  0.7198308994436766
129.3467336683417  0.7204842953793574
130.30150753768845  0.7209784348905335
131.25628140703517  0.7213281121314382
132.2110552763819  0.7215468013071986
133.16582914572865  0.721646780846827
134.12060301507537  0.7216392432689626
135.0753768844221  0.7215343941192301
136.03015075376885  0.7213415414823491
136.98492462311557  0.7210691770850005
137.9396984924623  0.7207250498192056
138.89447236180905  0.7203162324122833
139.84924623115577  0.7198491818941595
140.80402010050253  0.7193297944500396
141.75879396984925  0.7187634551910579
142.71356783919597  0.718155083325499
143.66834170854273  0.7175091731677072
144.62311557788945  0.7168298313803536
145.57788944723617  0.7161208108080075
146.53266331658293  0.7153855412256437
147.48743718592965  0.7146271572945676
148.44221105527637  0.713848523989994
149.39698492462313  0.7130522597389461
150.35175879396985  0.7122407574840184
151.30653266331657  0.7114162038676253
152.26130653266333  0.7105805967125236
153.21608040201005  0.7097357609573383
154.17085427135677  0.7088833631904805
155.12562814070353  0.708024924911999
156.08040201005025  0.7071618346404179
157.035175879397  0.7062953589703853
157.98994974874373  0.705426652676788
158.94472361809045  0.7045567679518839
159.8994974874372  0.7036866628537539
160.85427135678393  0.7028172090369448
161.80904522613065  0.7019491988295088
162.7638190954774  0.7010833517145778
163.71859296482413  0.7002203202691915
164.67336683417085  0.6993606956081746
165.6281407035176  0.6985050123764284
166.58291457286433  0.6976537533289964
167.53768844221105  0.6968073535346434
168.4924623115578  0.6959662042354314
169.44723618090453  0.6951306563918056
170.40201005025125  0.6943010239400428
171.356783919598  0.6934775867864896
172.31155778894473  0.6926605935608329
173.26633165829145  0.6918502641486577
174.2211055276382  0.6910467920217589
175.17587939698493  0.6902503463830323
176.13065326633165  0.6894610741413039
177.0854271356784  0.688679101730111
178.04020100502512  0.6879045367832328
178.99497487437188  0.6871374696786563
179.9497487437186  0.6863779749616709
180.90452261306532  0.6856261126568555
181.85929648241208  0.6848819294779062
182.8140703517588  0.6841454599434827
183.76884422110552  0.68341672740657
184.72361809045228  0.6826957450042203
185.678391959799  0.6819825165339756
186.63316582914572  0.6812770372627309
187.58793969849248  0.680579294673347
188.5427135678392  0.6798892691538626
189.49748743718592  0.6792069346337769
190.45226130653268  0.6785322591714983
191.4070351758794  0.6778652054967312
192.36180904522612  0.677205731511262
193.31658291457288  0.6765537907513351
194.2713567839196  0.6759093328145503
195.22613065326632  0.675272303753981
196.18090452261308  0.6746426464419982
197.1356783919598  0.674020300906099
198.09045226130652  0.6734052046388348
199.04522613065328  0.672797292883804
200.0  0.6721964988994915
