10.0  -0.006430631554502913
10.954773869346734  -0.007736534633003162
11.909547738693467  -0.009168682335752581
12.864321608040202  -0.010729027082121248
13.819095477386934  -0.012419709569840749
14.773869346733669  -0.01424306516362383
15.728643216080403  -0.01620163090412682
16.683417085427138  -0.018298153166773582
17.63819095477387  -0.020535596002477327
18.592964824120603  -0.02291715019483133
19.547738693467338  -0.025446243070830956
20.50251256281407  -0.028126549104667307
21.457286432160807  -0.03096200135651438
22.412060301507537  -0.03395680379049736
23.366834170854272  -0.03711544451808174
24.321608040201006  -0.04044271001489004
25.276381909547737  -0.043943700360313795
26.231155778894472  -0.04762384555008047
27.185929648241206  -0.05148892293199566
28.14070351758794  -0.05554507581415001
29.095477386934675  -0.05979883329266388
30.050251256281406  -0.06425713134218844
31.00502512562814  -0.06892733520638097
31.959798994974875  -0.07381726311688132
32.91457286432161  -0.07893521135716747
33.869346733668344  -0.08428998067117624
34.824120603015075  -0.08989090399458532
35.77889447236181  -0.09574787545773664
36.733668341708544  -0.10187138057160114
37.688442211055275  -0.10827252745968809
38.64321608040201  -0.11496307893667387
39.597989949748744  -0.12195548515532645
40.552763819095475  -0.1292629164427482
41.50753768844221  -0.1368992958197469
42.462311557788944  -0.1448793305366236
43.41708542713568  -0.15321854175658176
44.37185929648241  -0.16193329126399267
45.32663316582914  -0.17104080375612432
46.28140703517588  -0.18055918287762085
47.23618090452261  -0.190507418657268
48.19095477386935  -0.20090538338167543
49.14572864321608  -0.2117738121599955
50.10050251256281  -0.22313426345991064
51.05527638190955  -0.2350090536813724
52.01005025125628  -0.2474211583238836
52.96482412060302  -0.2603940704258849
53.91959798994975  -0.2739516046266197
54.87437185929648  -0.28811763232063586
55.82914572864322  -0.30291572982294546
56.78391959798995  -0.3183687170997355
57.73869346733669  -0.33449805928761256
58.69346733668342  -0.3513230967519851
59.64824120603015  -0.36886006164645896
60.60301507537689  -0.3871208296696827
61.55778894472362  -0.40611134486353107
62.51256281407035  -0.4258296428540874
63.46733668341709  -0.4462633841022369
64.42211055276383  -0.4673867940460303
65.37688442211055  -0.4891568925865237
66.33165829145729  -0.5115088831764809
67.28643216080403  -0.5343505651289224
68.24120603015075  -0.5575556369136772
69.19597989949749  -0.5809557810953176
70.15075376884423  -0.6043314747001616
71.10552763819095  -0.6274015681035743
72.06030150753769  -0.6498118417465298
73.01507537688443  -0.6711230079973608
73.96984924623115  -0.6907990012705533
74.92462311557789  -0.7081969131133635
75.87939698492463  -0.7225605809297532
76.83417085427136  -0.733020588594213
77.78894472361809  -0.7386041722740851
78.74371859296483  -0.738259028956055
79.69849246231156  -0.730894958079845
80.65326633165829  -0.7154461867562399
81.60804020100502  -0.690954698846726
82.56281407035176  -0.6566706926004313
83.5175879396985  -0.6121607481617011
84.47236180904522  -0.557408525587868
85.42713567839196  -0.492888795221282
86.3819095477387  -0.41959561717077487
87.33668341708542  -0.33901112001969014
88.29145728643216  -0.25301227986307684
89.2462311557789  -0.16372664633089892
90.20100502512562  -0.07335971420618881
91.15577889447236  0.01597753609689292
92.1105527638191  0.10241436667453058
93.06532663316582  0.1844212098312685
94.02010050251256  0.26085923444586157
94.9748743718593  0.330982590129302
95.92964824120604  0.39440439559580126
96.88442211055276  0.45104023460330245
97.8391959798995  0.5010420722589919
98.79396984924624  0.5447325896379401
99.74874371859296  0.582546384890348
100.7035175879397  0.6149812806237976
101.65829145728644  0.6425605718163938
102.61306532663316  0.6658055197462656
103.5678391959799  0.6852166056964805
104.52261306532664  0.7012617904770285
105.47738693467338  0.7143700793999583
106.4321608040201  0.7249289105401289
107.38693467336684  0.7332841619077534
108.34170854271358  0.7397418488604104
109.2964824120603  0.744570825930296
110.25125628140704  0.7480060060544703
111.20603015075378  0.7502517648050866
112.1608040201005  0.7514853127671001
113.11557788944724  0.7518599027246683
114.07035175879398  0.7515077968403773
115.0251256281407  0.7505429587526471
115.97989949748744  0.7490634615586812
116.93467336683418  0.7471536189565833
117.88944723618091  0.7448858563751936
118.84422110552764  0.7423223439105088
119.79899497487438  0.7395164148796156
120.75376884422111  0.7365137938961777
121.70854271356784  0.7333536573221041
122.66331658291458  0.7300695472679934
123.61809045226131  0.7266901583357298
124.57286432160804  0.7232400142344875
125.52763819095478  0.7197400493876248
126.48241206030151  0.7162081087579332
127.43718592964825  0.7126593773911191
128.39195979899498  0.7091067496271598
129.3467336683417  0.7055611465566323
130.30150753768845  0.7020317890958363
131.25628140703517  0.6985264330075155
132.2110552763819  0.6950515712879788
133.16582914572865  0.6916126085608382
134.12060301507537  0.6882140114471568
135.0753768844221  0.6848594383073772
136.03015075376885  0.681551851259094
136.98492462311557  0.678293612955003
137.9396984924623  0.6750865702470791
138.89447236180905  0.6719321265573358
139.84924623115577  0.668831304514726
140.80402010050253  0.6657848001952517
141.75879396984925  0.662793030112487
142.71356783919597  0.6598561719436262
143.66834170854273  0.6569741998377167
144.62311557788945  0.6541469150344028
145.57788944723617  0.651373972420287
146.53266331658293  0.6486549035633805
147.48743718592965  0.6459891366918747
148.44221105527637  0.6433760140198247
149.39698492462313  0.6408148067676968
150.35175879396985  0.6383047281787995
151.30653266331657  0.6358449447922548
152.26130653266333  0.6334345861984229
153.21608040201005  0.6310727534727532
154.17085427135677  0.6287585264582194
155.12562814070353  0.6264909700441955
156.08040201005025  0.6242691395703681
157.035175879397  0.6220920854676091
157.98994974874373  0.6199588572333077
158.94472361809045  0.6178685068261394
159.8994974874372  0.61582009155441
160.85427135678393  0.6138126765226805
161.80904522613065  0.6118453366931891
162.7638190954774  0.6099171586114653
163.71859296482413  0.6080272418393213
164.67336683417085  0.6061747001330059
165.6281407035176  0.6043586623995854
166.58291457286433  0.6025782734605079
167.53768844221105  0.6008326946477028
168.4924623115578  0.5991211042544421
169.44723618090453  0.5974426978604204
170.40201005025125  0.5957966885481248
171.356783919598  0.5941823070254508
172.31155778894473  0.5925988016676644
173.26633165829145  0.5910454384902115
174.2211055276382  0.5895215010624411
175.17587939698493  0.5880262903710564
176.13065326633165  0.5865591246410367
177.0854271356784  0.5851193391207775
178.04020100502512  0.5837062858373819
178.99497487437188  0.5823193333272698
179.9497487437186  0.5809578663466293
180.90452261306532  0.5796212855656556
181.85929648241208  0.5783090072500174
182.8140703517588  0.5770204629325424
183.76884422110552  0.5757550990777269
184.72361809045228  0.5745123767413218
185.678391959799  0.57329177122695
186.63316582914572  0.5720927717414452
187.58793969849248  0.5709148810503496
188.5427135678392  0.5697576151348284
189.49748743718592  0.5686205028510528
190.45226130653268  0.5675030855929561
191.4070351758794  0.5664049169591274
192.36180904522612  0.5653255624244695
193.31658291457288  0.5642645990171685
194.2713567839196  0.5632216150013898
195.22613065326632  0.5621962095660706
196.18090452261308  0.5611879925200733
197.1356783919598  0.5601965839939279
198.09045226130652  0.5592216141483143
199.04522613065328  0.5582627228894046
200.0  0.5573195595911333
