10.0  -0.007851608908596246
10.954773869346734  -0.011624270908440237
11.909547738693467  -0.015725439152910164
12.864321608040202  -0.0202040984699151
13.819095477386934  -0.02507912749643794
14.773869346733669  -0.030360129710784396
15.728643216080403  -0.036053528171452
16.683417085427138  -0.04216472635412523
17.63819095477387  -0.04869893546901602
18.592964824120603  -0.055661480182260484
19.547738693467338  -0.06305787950382782
20.50251256281407  -0.07089382267306132
21.457286432160807  -0.07917509132898147
22.412060301507537  -0.0879074503134424
23.366834170854272  -0.09709651644067659
24.321608040201006  -0.10674760842881341
25.276381909547737  -0.11686557818669006
26.231155778894472  -0.12745462214098333
27.185929648241206  -0.1385180705226708
28.14070351758794  -0.15005815215580365
29.095477386934675  -0.16207573214156815
30.050251256281406  -0.17457001983583778
31.00502512562814  -0.18753824465665844
31.959798994974875  -0.20097529753425747
32.91457286432161  -0.2148733362516197
33.869346733668344  -0.22922135355074116
34.824120603015075  -0.2440047077384425
35.77889447236181  -0.2592046166614888
36.733668341708544  -0.27479761738206887
37.688442211055275  -0.290754995719494
38.64321608040201  -0.3070421920759863
39.597989949748744  -0.3236181926671519
40.552763819095475  -0.34043491844706825
41.50753768844221  -0.3574366276426599
42.462311557788944  -0.3745593518425239
43.41708542713568  -0.391730389920548
44.37185929648241  -0.4088678885484229
45.32663316582914  -0.4258805424192814
46.28140703517588  -0.4426674512347282
47.23618090452261  -0.45911817357418677
48.19095477386935  -0.4751130194556234
49.14572864321608  -0.49052362312754616
50.10050251256281  -0.5052138347870962
51.05527638190955  -0.5190409639035513
52.01005025125628  -0.5318573971456378
52.96482412060302  -0.5435126002646817
53.91959798994975  -0.5538554956751205
54.87437185929648  -0.5627371863056183
55.82914572864322  -0.5700139724613655
56.78391959798995  -0.5755505833595476
57.73869346733669  -0.5792235205895414
58.69346733668342  -0.5809243893028873
59.64824120603015  -0.5805630769272514
60.60301507537689  -0.5780706309850446
61.55778894472362  -0.5734016890964124
62.51256281407035  -0.5665363265908824
63.46733668341709  -0.5574812104183299
64.42211055276383  -0.546269981107163
65.37688442211055  -0.5329628250476989
66.33165829145729  -0.5176452440845525
67.28643216080403  -0.5004260743846736
68.24120603015075  -0.481434847795876
69.19597989949749  -0.4608186228187576
70.15075376884423  -0.4387384361399468
71.10552763819095  -0.4153655378526416
72.06030150753769  -0.39087757376359156
73.01507537688443  -0.36545486753104695
73.96984924623115  -0.33927693576833906
74.92462311557789  -0.3125193433005047
75.87939698492463  -0.2853509763497782
76.83417085427136  -0.2579317813147777
77.78894472361809  -0.23041098836898155
78.74371859296483  -0.20292581413232236
79.69849246231156  -0.17560061731337842
80.65326633165829  -0.14854646600006766
81.60804020100502  -0.12186106517871347
82.56281407035176  -0.09562898766167173
83.5175879396985  -0.06992215021174733
84.47236180904522  -0.04480047844097766
85.42713567839196  -0.020312708178522803
86.3819095477387  0.003502723352513781
87.33668341708542  0.02661673673151661
88.29145728643216  0.049008653345393
89.2462311557789  0.07066524904921274
90.20100502512562  0.09157983919832652
91.15577889447236  0.1117514102806808
92.1105527638191  0.1311838086305533
93.06532663316582  0.14988499272290598
94.02010050251256  0.16786635230688224
94.9748743718593  0.18514209508072269
95.92964824120604  0.20172869966255727
96.88442211055276  0.2176444321877426
97.8391959798995  0.23290892287840947
98.79396984924624  0.24754279830369752
99.74874371859296  0.26156736470618935
100.7035175879397  0.2750043376467213
101.65829145728644  0.28787561326091904
102.61306532663316  0.3002030765806399
103.5678391959799  0.31200844261474325
104.52261306532664  0.32331312617662034
105.47738693467338  0.3341381367677343
106.4321608040201  0.3445039951595976
107.38693467336684  0.35443066864833456
108.34170854271358  0.3639375222771328
109.2964824120603  0.37304328362629685
110.25125628140704  0.38176601905434443
111.20603015075378  0.3901231195344273
112.1608040201005  0.39813129446726836
113.11557788944724  0.4058065720644693
114.07035175879398  0.41316430508436913
115.0251256281407  0.42021918086585147
115.97989949748744  0.4269852347406335
116.93467336683418  0.43347586600207877
117.88944723618091  0.43970385564038644
118.84422110552764  0.44568138493409243
119.79899497487438  0.45142005342752384
120.75376884422111  0.4569308927084059
121.70854271356784  0.4622243634836733
122.66331658291458  0.46731027482253795
123.61809045226131  0.47219714436847804
124.57286432160804  0.47687969553333914
125.52763819095478  0.4813538874320786
126.48241206030151  0.48576316747989856
127.43718592964825  0.48995042437639563
128.39195979899498  0.49397858203270834
129.3467336683417  0.49785656493283265
130.30150753768845  0.5015913836095719
131.25628140703517  0.5051894822754887
132.2110552763819  0.5086569314840043
133.16582914572865  0.5119994837396046
134.12060301507537  0.5152226007249636
135.0753768844221  0.5183314722309573
136.03015075376885  0.5213310318539284
136.98492462311557  0.5242259710374578
137.9396984924623  0.5270207520377272
138.89447236180905  0.5297196200589468
139.84924623115577  0.532326614680819
140.80402010050253  0.5348455806488567
141.75879396984925  0.5372801780755737
142.71356783919597  0.5396338920896432
143.66834170854273  0.5419100419644
144.62311557788945  0.5441117897537981
145.57788944723617  0.5462421484618207
146.53266331658293  0.5483039897698013
147.48743718592965  0.5503000513448794
148.44221105527637  0.5522329437517102
149.39698492462313  0.5541051569885392
150.35175879396985  0.5559190666677888
151.30653266331657  0.5576769398603574
152.26130653266333  0.5593809406219458
153.21608040201005  0.5610331352188095
154.17085427135677  0.562635497069508
155.12562814070353  0.5641899114183602
156.08040201005025  0.5656981797555232
157.035175879397  0.5671620239978266
157.98994974874373  0.5685830904437432
158.94472361809045  0.5699629535151629
159.8994974874372  0.5713031192979361
160.85427135678393  0.5726050288925092
161.80904522613065  0.5738700615853335
162.7638190954774  0.5750995378511382
163.71859296482413  0.5762947221955874
164.67336683417085  0.5774568258473038
165.6281407035176  0.5785870093077234
166.58291457286433  0.5796863847667733
167.53768844221105  0.5807560183918923
168.4924623115578  0.5817969324974934
169.44723618090453  0.5828101076015467
170.40201005025125  0.583796484375586
171.356783919598  0.5847569654940674
172.31155778894473  0.5856924173886745
173.26633165829145  0.5866036719128278
174.2211055276382  0.5874915279213695
175.17587939698493  0.5883567527700874
176.13065326633165  0.5892000837394826
177.0854271356784  0.5900222293869339
178.04020100502512  0.5908238708311564
178.99497487437188  0.5916056629726469
179.9497487437186  0.5923682356535804
180.90452261306532  0.5931121947604249
181.85929648241208  0.5938381232723664
182.8140703517588  0.5945465822584413
183.76884422110552  0.595238111826117
184.72361809045228  0.5959132320239097
185.678391959799  0.5965724437004681
186.63316582914572  0.597216229322426
187.58793969849248  0.5978450537531904
188.5427135678392  0.5984593649947094
189.49748743718592  0.5990595948941525
190.45226130653268  0.5996461598173257
191.4070351758794  0.6002194612905382
192.36180904522612  0.6007798866125504
193.31658291457288  0.6013278094381336
194.2713567839196  0.601863590334692
195.22613065326632  0.6023875773133177
196.18090452261308  0.6029001063355709
197.1356783919598  0.6034015017972092
198.09045226130652  0.6038920769900233
199.04522613065328  0.6043721345428733
200.0  0.6048419668429574
