10.0  -0.3566317501888848
10.954773869346734  -0.40282065646927145
11.909547738693467  -0.42965852123976106
12.864321608040202  -0.4468329988267056
13.819095477386934  -0.4586428283469417
14.773869346733669  -0.4672766442997856
15.728643216080403  -0.4739485290295641
16.683417085427138  -0.4793744724723866
17.63819095477387  -0.4839972102989096
18.592964824120603  -0.4881013412496364
19.547738693467338  -0.4918759885915134
20.50251256281407  -0.4954506006548824
21.457286432160807  -0.4989162343113426
22.412060301507537  -0.5023386398904756
23.366834170854272  -0.5057665421852544
24.321608040201006  -0.5092370166024873
25.276381909547737  -0.5127790601592813
26.231155778894472  -0.5164160135237064
27.185929648241206  -0.5201672361400691
28.14070351758794  -0.524049286635338
29.095477386934675  -0.5280767701075397
30.050251256281406  -0.5322629578756974
31.00502512562814  -0.5366202499207627
31.959798994974875  -0.5411605275294954
32.91457286432161  -0.5458954288116236
33.869346733668344  -0.5508365699205445
34.824120603015075  -0.5559957281986548
35.77889447236181  -0.5613849989805064
36.733668341708544  -0.5670169347136443
37.688442211055275  -0.5729046729416651
38.64321608040201  -0.579062058238224
39.597989949748744  -0.5855037621870212
40.552763819095475  -0.5922454048397154
41.50753768844221  -0.5993036806635453
42.462311557788944  -0.6066964917546577
43.41708542713568  -0.6144430910037095
44.37185929648241  -0.6225642379333125
45.32663316582914  -0.6310823700691965
46.28140703517588  -0.6400217929534747
47.23618090452261  -0.6494088922610506
48.19095477386935  -0.6592723719470455
49.14572864321608  -0.6696435229485075
50.10050251256281  -0.6805565277085986
51.05527638190955  -0.6920488067146978
52.01005025125628  -0.7041614143814059
52.96482412060302  -0.7169394930150029
53.91959798994975  -0.7304327953317915
54.87437185929648  -0.744696288152551
55.82914572864322  -0.7597908525674566
56.78391959798995  -0.7757840992018301
57.73869346733669  -0.7927513213986793
58.69346733668342  -0.8107766144138627
59.64824120603015  -0.8299541954192059
60.60301507537689  -0.8503899676626346
61.55778894472362  -0.872203383128612
62.51256281407035  -0.8955296722729116
63.46733668341709  -0.9205225279640965
64.42211055276383  -0.947357355158888
65.37688442211055  -0.976235230176669
66.33165829145729  -1.007387756691713
67.28643216080403  -1.0410830639690873
68.24120603015075  -1.077633272546667
69.19597989949749  -1.1174038624432483
70.15075376884423  -1.1608255322701735
71.10552763819095  -1.2084093541798688
72.06030150753769  -1.2607663396243136
73.01507537688443  -1.318632981212802
73.96984924623115  -1.3829050002528693
74.92462311557789  -1.4546825260756164
75.87939698492463  -1.5353314554848447
76.83417085427136  -1.6265681120436382
77.78894472361809  -1.7305780983134154
78.74371859296483  -1.8501863775817833
79.69849246231156  -1.989105872356181
80.65326633165829  -2.152309421752185
81.60804020100502  -2.3466008197897925
82.56281407035176  -2.5815163996456425
83.5175879396985  -2.87079135694637
84.47236180904522  -3.234815080181429
85.42713567839196  -3.7048343116525384
86.3819095477387  -4.330101757810109
87.33668341708542  -5.188567111580737
88.29145728643216  -6.389747459394953
89.2462311557789  -7.94603192781529
90.20100502512562  -8.452339639375609
91.15577889447236  -0.4432952554482094
92.1105527638191  8.32882615353297
93.06532663316582  7.9856649699784805
94.02010050251256  6.349887356494594
94.9748743718593  5.0840338126880145
95.92964824120604  4.1852130473052584
96.88442211055276  3.534600486085387
97.8391959798995  3.0479752125520583
98.79396984924624  2.6725806874793636
99.74874371859296  2.3752055829692553
100.7035175879397  2.134317696898155
101.65829145728644  1.9354889155673696
102.61306532663316  1.7687460328595195
103.5678391959799  1.6269999891912805
104.52261306532664  1.5050858167556302
105.47738693467338  1.3991576141492197
106.4321608040201  1.306296135392695
107.38693467336684  1.2242474885360204
108.34170854271358  1.151244937640452
109.2964824120603  1.0858847307106603
110.25125628140704  1.0270378724082803
111.20603015075378  0.9737863213244043
112.1608040201005  0.9253761057689732
113.11557788944724  0.8811823660528337
114.07035175879398  0.8406829400972787
115.0251256281407  0.8034381595322283
115.97989949748744  0.7690752218698919
116.93467336683418  0.7372759767267331
117.88944723618091  0.7077672886321624
118.84422110552764  0.6803133652375387
119.79899497487438  0.6547095996391117
120.75376884422111  0.6307775899555966
121.70854271356784  0.6083610821540395
122.66331658291458  0.587322642770294
123.61809045226131  0.567540913029594
124.57286432160804  0.5489083293716894
125.52763819095478  0.5313292206280515
126.48241206030151  0.5147182112829447
127.43718592964825  0.4989988749473434
128.39195979899498  0.48410259351991664
129.3467336683417  0.46996758632988545
130.30150753768845  0.45653808046108413
131.25628140703517  0.44376359889597655
132.2110552763819  0.43159834742991565
133.16582914572865  0.420000684743253
134.12060301507537  0.40893266277452756
135.0753768844221  0.3983596267586435
136.03015075376885  0.3882498660926502
136.98492462311557  0.3785743086555117
137.9396984924623  0.369306252405065
138.89447236180905  0.36042112905811385
139.84924623115577  0.3518962954700095
140.80402010050253  0.34371084900102483
141.75879396984925  0.33584546371453194
142.71356783919597  0.32828224471717876
143.66834170854273  0.3210045983408079
144.62311557788945  0.3139971161930165
145.57788944723617  0.30724547137908365
146.53266331658293  0.30073632543115913
147.48743718592965  0.2944572446783936
148.44221105527637  0.28839662495990803
149.39698492462313  0.2825436237260249
150.35175879396985  0.2768880986959402
151.30653266331657  0.2714205523452956
152.26130653266333  0.26613208158765883
153.21608040201005  0.2610143320919499
154.17085427135677  0.25605945674530073
155.12562814070353  0.25126007782923554
156.08040201005025  0.24660925252775756
157.035175879397  0.24210044143004436
157.98994974874373  0.23772747972890101
158.94472361809045  0.2334845508497109
159.8994974874372  0.22936616227403755
160.85427135678393  0.2253671233478111
161.80904522613065  0.22148252488669534
162.7638190954774  0.21770772041118525
163.71859296482413  0.21403830886156677
164.67336683417085  0.21047011865841994
165.6281407035176  0.20699919298808808
166.58291457286433  0.2036217762047324
167.53768844221105  0.20033430125140134
168.4924623115578  0.1971333780121755
169.44723618090453  0.19401578251600102
170.40201005025125  0.19097844692047322
171.356783919598  0.18801845021065458
172.31155778894473  0.18513300955410206
173.26633165829145  0.18231947225875383
174.2211055276382  0.179575308285219
175.17587939698493  0.17689810326941224
176.13065326633165  0.17428555201543383
177.0854271356784  0.17173545242215274
178.04020100502512  0.16924569981015955
178.99497487437188  0.16681428161865128
179.9497487437186  0.16443927244442746
180.90452261306532  0.16211882939753688
181.85929648241208  0.15985118775026086
182.8140703517588  0.1576346568580589
183.76884422110552  0.15546761633286252
184.72361809045228  0.15334851245069894
185.678391959799  0.1512758547770943
186.63316582914572  0.14924821299500776
187.58793969849248  0.14726421392127698
188.5427135678392  0.14532253869863695
189.49748743718592  0.14342192015138633
190.45226130653268  0.1415611402936944
191.4070351758794  0.13973902798036872
192.36180904522612  0.13795445669068562
193.31658291457288  0.136206342436576
194.2713567839196  0.13449364178711196
195.22613065326632  0.13281535000182157
196.18090452261308  0.13117049926591454
197.1356783919598  0.12955815702098544
198.09045226130652  0.12797742438523346
199.04522613065328  0.12642743465765038
200.0  0.12490735190102192
