10.0  8.404679631823441e-11
10.954773869346734  1.6518084317436685e-10
11.909547738693467  2.6208515165146746e-10
12.864321608040202  3.727810775286396e-10
13.819095477386934  4.962486423297902e-10
14.773869346733669  6.319461849579656e-10
15.728643216080403  7.796042089018225e-10
16.683417085427138  9.391229709365347e-10
17.63819095477387  1.110516744572199e-09
18.592964824120603  1.2938815424093601e-09
19.547738693467338  1.4893755940004538e-09
20.50251256281407  1.6972071889443913e-09
21.457286432160807  1.9176269848255003e-09
22.412060301507537  2.1509231365017157e-09
23.366834170854272  2.397418275973375e-09
24.321608040201006  2.657467749701502e-09
25.276381909547737  2.93145874086257e-09
26.231155778894472  3.2198100374059377e-09
27.185929648241206  3.5229722898878926e-09
28.14070351758794  3.841428656274763e-09
29.095477386934675  4.175695765869274e-09
30.050251256281406  4.526324958062003e-09
31.00502512562814  4.893903767877764e-09
31.959798994974875  5.279057641835525e-09
32.91457286432161  5.682451876089833e-09
33.869346733668344  6.104793775220777e-09
34.824120603015075  6.5468350350794875e-09
35.77889447236181  7.0093743572436234e-09
36.733668341708544  7.493260306214633e-09
37.688442211055275  7.99939442372282e-09
38.64321608040201  8.528734617564298e-09
39.597989949748744  9.082298845401208e-09
40.552763819095475  9.661169117013984e-09
41.50753768844221  1.0266495841683137e-08
42.462311557788944  1.0899502550774161e-08
43.41708542713568  1.1561491029268593e-08
44.37185929648241  1.2253846893995528e-08
45.32663316582914  1.2978045660739919e-08
46.28140703517588  1.3735659347308703e-08
47.23618090452261  1.4528363665103741e-08
48.19095477386935  1.535794585786941e-08
49.14572864321608  1.6226313253151122e-08
50.10050251256281  1.7135502599732555e-08
51.05527638190955  1.8087690273041845e-08
52.01005025125628  1.9085203440378167e-08
52.96482412060302  2.013053228898232e-08
53.91959798994975  2.1226343432654296e-08
54.87437185929648  2.2375494627038846e-08
55.82914572864322  2.3581050940124423e-08
56.78391959798995  2.484630254324517e-08
57.73869346733669  2.617478430930694e-08
58.69346733668342  2.757029742950663e-08
59.64824120603015  2.9036933287988597e-08
60.60301507537689  3.057909986627625e-08
61.55778894472362  3.2201550986643507e-08
62.51256281407035  3.3909418746680775e-08
63.46733668341709  3.570824954716322e-08
64.42211055276383  3.760404417312628e-08
65.37688442211055  3.960330245521173e-08
66.33165829145729  4.1713073116556694e-08
67.28643216080403  4.394100950179263e-08
68.24120603015075  4.629543199154725e-08
69.19597989949749  4.878539803114973e-08
70.15075376884423  5.142078084960797e-08
71.10552763819095  5.4212358118696663e-08
72.06030150753769  5.7171912007457135e-08
73.01507537688443  6.031234233103678e-08
73.96984924623115  6.364779478251901e-08
74.92462311557789  6.719380658198404e-08
75.87939698492463  7.096747229056406e-08
76.83417085427136  7.498763303368202e-08
77.78894472361809  7.927509297562239e-08
78.74371859296483  8.385286761037227e-08
79.69849246231156  8.874646931053444e-08
80.65326633165829  9.398423664392838e-08
81.60804020100502  9.959771527295957e-08
82.56281407035176  1.0562209985440173e-07
83.5175879396985  1.1209674833293007e-07
84.47236180904522  1.190657824682935e-07
85.42713567839196  1.265787914797579e-07
86.3819095477387  1.3469165949657805e-07
87.33668341708542  1.4346754228443197e-07
88.29145728643216  1.529780247573493e-07
89.2462311557789  1.6330449845650986e-07
90.20100502512562  1.7453980797964463e-07
91.15577889447236  1.8679022794638403e-07
92.1105527638191  2.0017784839011954e-07
93.06532663316582  2.1484346770824362e-07
94.02010050251256  2.309501201734824e-07
94.9748743718593  2.4868740185675035e-07
95.92964824120604  2.682768079199012e-07
96.88442211055276  2.899783602426042e-07
97.8391959798995  3.1409889386947714e-07
98.79396984924624  3.4100249334977504e-07
99.74874371859296  3.711237396289696e-07
100.7035175879397  4.0498466533506225e-07
101.65829145728644  4.4321665192491746e-07
102.61306532663316  4.865889830650298e-07
103.5678391959799  5.360464670687512e-07
104.52261306532664  5.927595704753976e-07
105.47738693467338  6.581920457111692e-07
106.4321608040201  7.341933823110988e-07
107.38693467336684  8.231270519591963e-07
108.34170854271358  9.280512829561595e-07
109.2964824120603  1.0529784366434723e-06
110.25125628140704  1.20325455892871e-06
111.20603015075378  1.3861271319205431e-06
112.1608040201005  1.6116156023352832e-06
113.11557788944724  1.8938840771288103e-06
114.07035175879398  2.2534763003075667e-06
115.0251256281407  2.721091633183954e-06
115.97989949748744  3.3442461696992983e-06
116.93467336683418  4.199640502105284e-06
117.88944723618091  5.417583901667529e-06
118.84422110552764  7.2340311435164645e-06
119.79899497487438  1.0112613582870579e-05
120.75376884422111  1.5069145398350558e-05
121.70854271356784  2.469774650828314e-05
122.66331658291458  4.7370317424941565e-05
123.61809045226131  0.00012396327308712208
124.57286432160804  0.0008268577654110407
125.52763819095478  0.0025415562612323343
126.48241206030151  0.0001824716113261444
127.43718592964825  6.121302318492353e-05
128.39195979899498  3.0456980267524903e-05
129.3467336683417  1.8232547609383648e-05
130.30150753768845  1.2156791454567711e-05
131.25628140703517  8.699197877427103e-06
132.2110552763819  6.543642118599886e-06
133.16582914572865  5.108483074330913e-06
134.12060301507537  4.104272616926213e-06
135.0753768844221  3.3737271859805256e-06
136.03015075376885  2.8253707863757766e-06
136.98492462311557  2.4030399663350587e-06
137.9396984924623  2.07069270146492e-06
138.89447236180905  1.8043319789485117e-06
139.84924623115577  1.5874749067660723e-06
140.80402010050253  1.4084934511498831e-06
141.75879396984925  1.2589923772595435e-06
142.71356783919597  1.1327863883399138e-06
143.66834170854273  1.0252361223854967e-06
144.62311557788945  9.328059490387292e-07
145.57788944723617  8.527627228856404e-07
146.53266331658293  7.829663604702287e-07
147.48743718592965  7.217215746991879e-07
148.44221105527637  6.67671163241609e-07
149.39698492462313  6.197180463206045e-07
150.35175879396985  5.769675249303938e-07
151.30653266331657  5.386839762638542e-07
152.26130653266333  5.042580004277154e-07
153.21608040201005  4.731812297588053e-07
154.17085427135677  4.450268225222822e-07
155.12562814070353  4.194342196354542e-07
156.08040201005025  3.960971309783688e-07
157.035175879397  3.747539915581023e-07
157.98994974874373  3.5518032322738434e-07
158.94472361809045  3.37182578763283e-07
159.8994974874372  3.205931480563773e-07
160.85427135678393  3.0526628200142497e-07
161.80904522613065  2.9107474606780857e-07
162.7638190954774  2.779070578152933e-07
163.71859296482413  2.6566519459284726e-07
164.67336683417085  2.542626820183083e-07
165.6281407035176  2.4362299253247626e-07
166.58291457286433  2.3367819776912443e-07
167.53768844221105  2.243678297210263e-07
168.4924623115578  2.1563791447879394e-07
169.44723618090453  2.0744014924560225e-07
170.40201005025125  1.9973119881528727e-07
171.356783919598  1.9247209206745495e-07
172.31155778894473  1.8562770252702046e-07
173.26633165829145  1.7916629984510174e-07
174.2211055276382  1.7305916132807853e-07
175.17587939698493  1.6728023448380052e-07
176.13065326633165  1.6180584305546996e-07
177.0854271356784  1.566144302426836e-07
178.04020100502512  1.5168633381898826e-07
178.99497487437188  1.4700358868832597e-07
179.9497487437186  1.4254975311241945e-07
180.90452261306532  1.3830975541414938e-07
181.85929648241208  1.3426975843970237e-07
182.8140703517588  1.304170394618301e-07
183.76884422110552  1.2673988354184018e-07
184.72361809045228  1.2322748865013113e-07
185.678391959799  1.1986988108328657e-07
186.63316582914572  1.1665783991740116e-07
187.58793969849248  1.1358282940850328e-07
188.5427135678392  1.1063693839664332e-07
189.49748743718592  1.0781282589456301e-07
190.45226130653268  1.0510367214824227e-07
191.4070351758794  1.0250313454784757e-07
192.36180904522612  1.000053078460266e-07
193.31658291457288  9.760468820806548e-08
194.2713567839196  9.529614067676205e-08
195.22613065326632  9.307486968535881e-08
196.18090452261308  9.093639229565711e-08
197.1356783919598  8.887651387647609e-08
198.09045226130652  8.689130597073613e-08
199.04522613065328  8.49770861283394e-08
200.0  8.313039950726632e-08
