10.0  248.3965689668253
10.954773869346734  233.22395303827747
11.909547738693467  209.9155050094733
12.864321608040202  186.5633726104971
13.819095477386934  165.4293836718499
14.773869346733669  146.96818348087302
15.728643216080403  131.04607196744223
16.683417085427138  117.35830947659102
17.63819095477387  105.57769555945532
18.592964824120603  95.40521722173656
19.547738693467338  86.58371845654179
20.50251256281407  78.89779505507927
21.457286432160807  72.16904798045519
22.412060301507537  66.25029450733463
23.366834170854272  61.02008980571643
24.321608040201006  56.37799136731534
25.276381909547737  52.240629754110714
26.231155778894472  48.53851255631379
27.185929648241206  45.2134490125085
28.14070351758794  42.21648227921833
29.095477386934675  39.50622977364219
30.050251256281406  37.047548784603826
31.00502512562814  34.81046046997667
31.959798994974875  32.76927903436158
32.91457286432161  30.90190408010237
33.869346733668344  29.189243070530754
34.824120603015075  27.61473789538868
35.77889447236181  26.163975048315894
36.733668341708544  24.824363235232738
37.688442211055275  23.58486559477479
38.64321608040201  22.435776338802263
39.597989949748744  21.368533677946985
40.552763819095475  20.375562512602695
41.50753768844221  19.450141642812344
42.462311557788944  18.586291257450778
43.41708542713568  17.77867726265649
44.37185929648241  17.022529646870844
45.32663316582914  16.313572590016747
46.28140703517588  15.647964434322887
47.23618090452261  15.022245965059913
48.19095477386935  14.433295717349997
49.14572864321608  13.878291243023087
50.10050251256281  13.354675449248179
51.05527638190955  12.860127266268199
52.01005025125628  12.392536021252646
52.96482412060302  11.94997899401073
53.91959798994975  11.530701712023154
54.87437185929648  11.133100610108889
55.82914572864322  10.755707736573338
56.78391959798995  10.397177234924909
57.73869346733669  10.056273369842568
58.69346733668342  9.731859899363771
59.64824120603015  9.422890623322804
60.60301507537689  9.128400961792252
61.55778894472362  8.84750043738776
62.51256281407035  8.579365952384647
63.46733668341709  8.323235766154246
64.42211055276383  8.078404090862797
65.37688442211055  7.84421623402157
66.33165829145729  7.620064225612444
67.28643216080403  7.40538287537039
68.24120603015075  7.199646212576442
69.19597989949749  7.002364266564898
70.15075376884423  6.8130801512119445
71.10552763819095  6.631367421064782
72.06030150753769  6.456827670586992
73.01507537688443  6.289088351319034
73.96984924623115  6.127800784651823
74.92462311557789  5.972638350444545
75.87939698492463  5.8232948339361
76.83417085427136  5.679482915344307
77.78894472361809  5.540932788255946
78.74371859296483  5.407390894413945
79.69849246231156  5.278618763833243
80.65326633165829  5.154391950346137
81.60804020100502  5.0344990537121275
82.56281407035176  4.918740820342514
83.5175879396985  4.806929315501574
84.47236180904522  4.698887160566933
85.42713567839196  4.594446829572348
86.3819095477387  4.49344999982666
87.33668341708542  4.395746951911223
88.29145728643216  4.301196014812141
89.2462311557789  4.209663052349435
90.20100502512562  4.121020987428375
91.15577889447236  4.035149360963644
92.1105527638191  3.9519339226188515
93.06532663316582  3.871266250766056
94.02010050251256  3.793043399305685
94.9748743718593  3.717167569199398
95.92964824120604  3.6435458027596117
96.88442211055276  3.5720896989118747
97.8391959798995  3.502715147802018
98.79396984924624  3.4353420832608244
99.74874371859296  3.3698942517662522
100.7035175879397  3.306298996658755
101.65829145728644  3.2444870564697426
102.61306532663316  3.184392376318233
103.5678391959799  3.1259519314169086
104.52261306532664  3.0691055618072642
105.47738693467338  3.0137958175148034
106.4321608040201  2.9599678133802545
107.38693467336684  2.9075690928820035
108.34170854271358  2.856549500318969
109.2964824120603  2.8068610607724906
110.25125628140704  2.7584578673108844
111.20603015075378  2.7112959749415952
112.1608040201005  2.665333300853559
113.11557788944724  2.6205295305270218
114.07035175879398  2.5768460293197433
115.0251256281407  2.534245759167551
115.97989949748744  2.4926932000639876
116.93467336683418  2.4521542760082418
117.88944723618091  2.412596285133138
118.84422110552764  2.3739878337457285
119.79899497487438  2.336298774032067
120.75376884422111  2.2995001451954273
121.70854271356784  2.2635641178133667
122.66331658291458  2.2284639412140637
123.61809045226131  2.1941738936861412
124.57286432160804  2.160669235348963
125.52763819095478  2.127926163522171
126.48241206030151  2.0959217704441535
127.43718592964825  2.0646340031992203
128.39195979899498  2.0340416257226117
129.3467336683417  2.0041241827611143
130.30150753768845  1.974861965675114
131.25628140703517  1.9462359799753268
132.2110552763819  1.9182279144943783
133.16582914572865  1.890820112099826
134.12060301507537  1.863995541861163
135.0753768844221  1.837737772588891
136.03015075376885  1.812030947668912
136.98492462311557  1.7868597611202732
137.9396984924623  1.7622094348087787
138.89447236180905  1.7380656967531232
139.84924623115577  1.7144147604641122
140.80402010050253  1.6912433052610922
141.75879396984925  1.6685384575131705
142.71356783919597  1.6462877727558582
143.66834170854273  1.6244792186367862
144.62311557788945  1.6031011586468484
145.57788944723617  1.582142336595702
146.53266331658293  1.5615918617929576
147.48743718592965  1.5414391948986503
148.44221105527637  1.521674134408637
149.39698492462313  1.5022868037426063
150.35175879396985  1.4832676389041564
151.30653266331657  1.4646073766841763
152.26130653266333  1.4462970433803541
153.21608040201005  1.4283279440071728
154.17085427135677  1.4106916519721666
155.12562814070353  1.393379999195553
156.08040201005025  1.3763850666516253
157.035175879397  1.359699175311421
157.98994974874373  1.3433148774673784
158.94472361809045  1.3272249484216323
159.8994974874372  1.3114223785206642
160.85427135678393  1.2959003655199013
161.80904522613065  1.2806523072627258
162.7638190954774  1.265671794659205
163.71859296482413  1.2509526049505888
164.67336683417085  1.2364886952463563
165.6281407035176  1.2222741963212862
166.58291457286433  1.2083034066606702
167.53768844221105  1.1945707867423698
168.4924623115578  1.1810709535450317
169.44723618090453  1.1677986752722833
170.40201005025125  1.154748866283268
171.356783919598  1.141916582220327
172.31155778894473  1.1292970153251436
173.26633165829145  1.1168854899350382
174.2211055276382  1.104677458151555
175.17587939698493  1.0926684956738415
176.13065326633165  1.0808542977896973
177.0854271356784  1.0692306755175085
178.04020100502512  1.0577935518926143
178.99497487437188  1.0465389583919533
179.9497487437186  1.0354630314911517
180.90452261306532  1.0245620093484527
181.85929648241208  1.0138322286101966
182.8140703517588  1.0032701213327735
183.76884422110552  0.992872212016223
184.72361809045228  0.982635114744881
185.678391959799  0.9725555304306761
186.63316582914572  0.9626302441548877
187.58793969849248  0.952856122604367
188.5427135678392  0.9432301115984077
189.49748743718592  0.9337492337026128
190.45226130653268  0.9244105859262854
191.4070351758794  0.91521133750002
192.36180904522612  0.9061487277303085
193.31658291457288  0.8972200639281335
194.2713567839196  0.88842271940865
195.22613065326632  0.8797541315591677
196.18090452261308  0.871211799972797
197.1356783919598  0.8627932846452108
198.09045226130652  0.8544962042320979
199.04522613065328  0.846318234364983
200.0  0.838257106023193
