10.0  0.029305382256628053
10.954773869346734  0.045422435932409584
11.909547738693467  0.06331400727673844
12.864321608040202  0.0830626121222552
13.819095477386934  0.10471517082430039
14.773869346733669  0.12831920812771816
15.728643216080403  0.15392999812040833
16.683417085427138  0.18161195347264977
17.63819095477387  0.2114387832128998
18.592964824120603  0.2434934838242984
19.547738693467338  0.27786842419142677
20.50251256281407  0.3146655771091844
21.457286432160807  0.3539968970218488
22.412060301507537  0.3959848335909429
23.366834170854272  0.4407629723709272
24.321608040201006  0.4884767982108431
25.276381909547737  0.5392845814402938
26.231155778894472  0.593358390866942
27.185929648241206  0.6508852411229437
28.14070351758794  0.7120683851097891
29.095477386934675  0.7771287653811633
30.050251256281406  0.8463066414311121
31.00502512562814  0.919863413160784
31.959798994974875  0.9980836644101552
32.91457286432161  1.0812774544866306
33.869346733668344  1.169782890229678
34.824120603015075  1.2639690164609203
35.77889447236181  1.3642390688424462
36.733668341708544  1.471034140389501
37.688442211055275  1.584837321379174
38.64321608040201  1.7061783824314691
39.597989949748744  1.8356390824381366
40.552763819095475  1.9738591971748585
41.50753768844221  2.121543381342183
42.462311557788944  2.279468997043892
43.41708542713568  2.4484950660773617
44.37185929648241  2.6295725328135577
45.32663316582914  2.823756060055034
46.28140703517588  3.032217623550629
47.23618090452261  3.25626222367631
48.19095477386935  3.4973460975246216
49.14572864321608  3.7570978942939495
50.10050251256281  4.037343375297479
51.05527638190955  4.340134322100332
52.01005025125628  4.667782488696649
52.96482412060302  5.0228996246693125
53.91959798994975  5.40844483696342
54.87437185929648  5.827780862804933
55.82914572864322  6.284741214732958
56.78391959798995  6.783710656529952
57.73869346733669  7.329722110827499
58.69346733668342  7.928573932555257
59.64824120603015  8.586972571767891
60.60301507537689  9.312707083794304
61.55778894472362  10.114863848028108
62.51256281407035  11.004092403050787
63.46733668341709  11.99293674197559
64.42211055276383  13.096251091669213
65.37688442211055  14.331725635483961
66.33165829145729  15.720556583030417
67.28643216080403  17.28830755858814
68.24120603015075  19.06602715198563
69.19597989949749  21.091713217291407
70.15075376884423  23.412252092992652
71.10552763819095  26.08601662361572
72.06030150753769  29.186390753212883
73.01507537688443  32.806617010819856
73.96984924623115  37.06656395562146
74.92462311557789  42.12233069777184
75.87939698492463  48.180127576109946
76.83417085427136  55.51674492167378
77.78894472361809  64.51042247760043
78.74371859296483  75.68859292997806
79.69849246231156  89.80385724445524
80.65326633165829  107.95887138773602
81.60804020100502  131.81942073644976
82.56281407035176  163.9939848635554
83.5175879396985  208.74491609829627
84.47236180904522  273.40303904588535
85.42713567839196  371.38995029958573
86.3819095477387  529.2559519235609
87.33668341708542  804.8497111655004
88.29145728643216  1340.012834152134
89.2462311557789  2527.02296120974
90.20100502512562  5375.721978334732
91.15577889447236  8882.200675457794
92.1105527638191  5845.279406654915
93.06532663316582  2798.0404778252214
94.02010050251256  1497.8337973036291
94.9748743718593  910.6708006105897
95.92964824120604  607.8061439429775
96.88442211055276  433.6887687682548
97.8391959798995  325.040908128531
98.79396984924624  252.87991012295706
99.74874371859296  202.56617608670913
100.7035175879397  166.1009294642264
101.65829145728644  138.82772175627582
102.61306532663316  117.89139625070364
103.5678391959799  101.46412911296211
104.52261306532664  88.33249259627313
105.47738693467338  77.66559262208015
106.4321608040201  68.87907651501457
107.38693467336684  61.55231384434228
108.34170854271358  55.376281043041324
109.2964824120603  50.11981064408494
110.25125628140704  45.60717088618342
111.20603015075378  41.7028308951189
112.1608040201005  38.300896297992416
113.11557788944724  35.31764829663732
114.07035175879398  32.686186517519076
115.0251256281407  30.352524030012628
115.97989949748744  28.272701432053864
116.93467336683418  26.410626958158236
117.88944723618091  24.73644106232476
118.84422110552764  23.225264757438374
119.79899497487438  21.856232089795633
120.75376884422111  20.611735309677776
121.70854271356784  19.476830893557207
122.66331658291458  18.438768373311948
123.61809045226131  17.48661376342842
124.57286432160804  16.61094646612713
125.52763819095478  15.803613697398717
126.48241206030151  15.057530274402142
127.43718592964825  14.366514423632726
128.39195979899498  13.725152380119015
129.3467336683417  13.128686141537736
130.30150753768845  12.572919953641907
131.25628140703517  12.054142032715218
132.2110552763819  11.569058748008139
133.16582914572865  11.114739044338357
134.12060301507537  10.688567320673904
135.0753768844221  10.28820332313349
136.03015075376885  9.911547881833775
136.98492462311557  9.556713536525747
137.9396984924623  9.221999268241932
138.89447236180905  8.905868692578968
139.84924623115577  8.606931181956536
140.80402010050253  8.323925474778616
141.75879396984925  8.055705403195365
142.71356783919597  7.801227431493703
143.66834170854273  7.559539746681389
144.62311557788945  7.329772683659582
145.57788944723617  7.1111303011585365
146.53266331658293  6.902882952657465
147.48743718592965  6.704360719875767
148.44221105527637  6.514947595954392
149.39698492462313  6.334076321825105
150.35175879396985  6.161223793042237
151.30653266331657  5.995906965974937
152.26130653266333  5.837679202092526
153.21608040201005  5.6861269974195805
154.17085427135677  5.540867051336168
155.12562814070353  5.401543634953725
156.08040201005025  5.26782622447472
157.035175879397  5.13940736938268
157.98994974874373  5.016000769122987
158.94472361809045  4.897339535219127
159.8994974874372  4.783174618604284
160.85427135678393  4.673273384400292
161.80904522613065  4.567418318501791
162.7638190954774  4.465405852169998
163.71859296482413  4.36704529244744
164.67336683417085  4.272157847606375
165.6281407035176  4.180575738068143
166.58291457286433  4.092141384302094
167.53768844221105  4.0067066641525075
168.4924623115578  3.9241322328671457
169.44723618090453  3.844286899827267
170.40201005025125  3.767047056618744
171.356783919598  3.692296151648904
172.31155778894473  3.619924207012936
173.26633165829145  3.5498273737559543
174.2211055276382  3.4819075220688105
175.17587939698493  3.416071863303924
176.13065326633165  3.3522326010070467
177.0854271356784  3.2903066084365364
178.04020100502512  3.2302151302876467
178.99497487437188  3.1718835065588045
179.9497487437186  3.1152409166931996
180.90452261306532  3.060220142304622
181.85929648241208  3.0067573469540596
182.8140703517588  2.954791871584821
183.76884422110552  2.9042660443509347
184.72361809045228  2.8551250036877978
185.678391959799  2.8073165335768624
186.63316582914572  2.7607909100488754
187.58793969849248  2.7155007580538526
188.5427135678392  2.6714009179015497
189.49748743718592  2.6284483205445555
190.45226130653268  2.586601871038032
191.4070351758794  2.545822339566205
192.36180904522612  2.506072259476539
193.31658291457288  2.467315831808797
194.2713567839196  2.4295188358481123
195.22613065326632  2.3926485452693593
196.18090452261308  2.3566736494749696
197.1356783919598  2.3215641797599242
198.09045226130652  2.287291439966615
199.04522613065328  2.2538279413186135
200.0  2.221147341146533
