10.0  248.06924259897707
10.954773869346734  232.86655481790575
11.909547738693467  209.54916049577233
12.864321608040202  186.19960222416546
13.819095477386934  165.07545601482354
14.773869346733669  146.62922604533287
15.728643216080403  130.72605343731266
16.683417085427138  117.06054695853041
17.63819095477387  105.30513713347983
18.592964824120603  95.1606093656051
19.547738693467338  86.36971089363105
20.50251256281407  78.71701003323078
21.457286432160807  72.02412864508332
22.412060301507537  66.14394070318603
23.366834170854272  60.95508623829953
24.321608040201006  56.35723115158117
25.276381909547737  52.26713527832318
26.231155778894472  48.615454936876844
27.185929648241206  45.34416702101435
28.14070351758794  42.4045013815342
29.095477386934675  39.75528177309151
30.050251256281406  37.36159247268556
31.00502512562814  35.193703638110605
31.959798994974875  33.2262021765213
32.91457286432161  31.43728611145983
33.869346733668344  29.808189396944677
34.824120603015075  28.322711190197783
35.77889447236181  26.966829125187207
36.733668341708544  25.728380448401857
37.688442211055275  24.59679825121169
38.64321608040201  23.562892671524242
39.597989949748744  22.618669007280396
40.552763819095475  21.757176314599
41.50753768844221  20.972381353757484
42.462311557788944  20.259063773639514
43.41708542713568  19.612729249291633
44.37185929648241  19.02953795400494
45.32663316582914  18.50624629298063
46.28140703517588  18.040160278655698
47.23618090452261  17.629099311003532
48.19095477386935  17.27136945828552
49.14572864321608  16.96574563059484
50.10050251256281  16.711462313972564
51.05527638190955  16.50821279974152
52.01005025125628  16.356157114653094
52.96482412060302  16.25593914579557
53.91959798994975  16.208713774881126
54.87437185929648  16.216185207136768
55.82914572864322  16.280658122319895
56.78391959798995  16.40510381709933
57.73869346733669  16.593244185446178
58.69346733668342  16.849657245075466
59.64824120603015  17.17990902870842
60.60301507537689  17.59071810850302
61.55778894472362  18.09016093448881
62.51256281407035  18.687928717071944
63.46733668341709  19.395650015873994
64.42211055276383  20.227297864977164
65.37688442211055  21.199706678932166
66.33165829145729  22.33323309366422
67.28643216080403  23.652607413930454
68.24120603015075  25.188040138310846
69.19597989949749  26.97667367019846
70.15075376884423  29.064506763355208
71.10552763819095  31.50897474471299
72.06030150753769  34.38245214134748
73.01507537688443  37.777072441238424
73.96984924623115  41.81145980366822
74.92462311557789  46.64028658933458
75.87939698492463  52.468091025528665
76.83417085427136  59.56965979996208
77.78894472361809  68.32077724681803
78.74371859296483  79.2457975306631
79.69849246231156  93.09337022467876
80.65326633165829  110.9609540103142
81.60804020100502  134.5073190699698
82.56281407035176  166.33120938987437
83.5175879396985  210.68105416894826
84.47236180904522  274.8671112453367
85.42713567839196  372.2795629440843
86.3819095477387  529.4193003002691
87.33668341708542  804.0568911492984
88.29145728643216  1337.9242828605293
89.2462311557789  2523.286592497579
90.20100502512562  5371.390659857326
91.15577889447236  8885.792529750099
92.1105527638191  5857.5601669312455
93.06532663316582  2809.8974092608096
94.02010050251256  1507.9767282903795
94.9748743718593  919.4720022411645
95.92964824120604  615.6349030613193
96.88442211055276  440.7954592432304
97.8391959798995  331.5915988029839
98.79396984924624  258.9878332346998
99.74874371859296  208.31127629256835
100.7035175879397  171.54154656276796
101.65829145728644  144.0076981715296
102.61306532663316  122.84453514647038
103.5678391959799  106.21708156961678
104.52261306532664  92.90668456759562
105.47738693467338  82.0785467119362
106.4321608040201  73.1453411979809
107.38693467336684  65.68413124888735
108.34170854271358  59.384076409052035
109.2964824120603  54.012557488546534
110.25125628140704  49.39266782915714
111.20603015075378  45.38791457751203
112.1608040201005  41.89160731623055
113.11557788944724  38.81936208710126
114.07035175879398  36.10371774041241
115.0251256281407  33.69021066980404
115.97989949748744  31.534473198233915
116.93467336683418  29.60006141053371
117.88944723618091  27.856810053673964
118.84422110552764  26.279573190452787
119.79899497487438  24.8472505760804
120.75376884422111  23.54202811397419
121.70854271356784  22.348780791271114
122.66331658291458  21.25460232761373
123.61809045226131  20.248452533417243
124.57286432160804  19.321350888613193
125.52763819095478  18.465410637810173
126.48241206030151  17.66835272774056
127.43718592964825  16.930208514802477
128.39195979899498  16.24332705634181
129.3467336683417  15.602796143176345
130.30150753768845  15.004332156569557
131.25628140703517  14.4441503107844
132.2110552763819  13.918891553574552
133.16582914572865  13.42556494966451
134.12060301507537  12.961499629582214
135.0753768844221  12.524304096208214
136.03015075376885  12.111831520966122
136.98492462311557  11.722150009341497
137.9396984924623  11.353517026148477
138.89447236180905  11.004357322722186
139.84924623115577  10.673243825365565
140.80402010050253  10.358881037534184
141.75879396984925  10.060090583415445
142.71356783919597  9.77579858175313
143.66834170854273  9.505024588895106
144.62311557788945  9.246871891305396
145.57788944723617  9.000518961896045
146.53266331658293  8.765211922847943
147.48743718592965  8.540257881174385
148.44221105527637  8.3250190229941
149.39698492462313  8.118907369011781
150.35175879396985  7.921380107609857
151.30653266331657  7.731935433688384
152.26130653266333  7.550108831318539
153.21608040201005  7.375469746699933
154.17085427135677  7.207618605080458
155.12562814070353  7.046184131412733
156.08040201005025  6.890820939751234
157.035175879397  6.741207360878137
157.98994974874373  6.597043481499591
158.94472361809045  6.458049371673048
159.8994974874372  6.323963479992136
160.85427135678393  6.194541178534286
161.80904522613065  6.069553441725957
162.7638190954774  5.948785645147448
163.71859296482413  5.832036471924791
164.67336683417085  5.719116915773835
165.6281407035176  5.609849371000509
166.58291457286433  5.504066800845694
167.53768844221105  5.401611976514109
168.4924623115578  5.3023367800622685
169.44723618090453  5.2061015650557
170.40201005025125  5.112774569553685
171.356783919598  5.022231376551978
172.31155778894473  4.9343544175198835
173.26633165829145  4.849032515116047
174.2211055276382  4.766160461564746
175.17587939698493  4.6856386295274115
176.13065326633165  4.607372612618021
177.0854271356784  4.531272892990628
178.04020100502512  4.457254533676754
178.99497487437188  4.385236893572998
179.9497487437186  4.315143363178532
180.90452261306532  4.246901119360368
181.85929648241208  4.180440897584275
182.8140703517588  4.1156967801926925
183.76884422110552  4.052605999439904
184.72361809045228  3.9911087541108654
185.678391959799  3.931148038654514
186.63316582914572  3.872669483856611
187.58793969849248  3.8156212081623258
188.5427135678392  3.759953678835533
189.49748743718592  3.705619582211381
190.45226130653268  3.6525737023616838
191.4070351758794  3.6007728075497285
192.36180904522612  3.5501755439028404
193.31658291457288  3.5007423357781953
194.2713567839196  3.4524352923400143
195.22613065326632  3.405218119905218
196.18090452261308  3.359056039650073
197.1356783919598  3.3139157103026347
198.09045226130652  3.2697651554752523
199.04522613065328  3.2265736953183337
200.0  3.1843118822011474
